6000.000000 16.883893 0.058537
6000.300300 16.801359 0.054252
6000.600601 16.829209 0.055662
6000.900901 16.809473 0.054659
6001.201201 16.875986 0.058113
6001.501502 16.857990 0.057157
6001.801802 16.804175 0.054393
6002.102102 16.950157 0.062221
6002.402402 16.811494 0.054761
6002.702703 16.825632 0.055479
6003.003003 16.865407 0.057549
6003.303303 16.919552 0.060492
6003.603604 16.929430 0.061045
6003.903904 16.848994 0.056686
6004.204204 16.751824 0.051833
6004.504505 16.963940 0.063016
6004.804805 16.826600 0.055528
6005.105105 16.788391 0.053608
6005.405405 16.934459 0.061328
6005.705706 16.836353 0.056030
6006.006006 16.780868 0.053238
6006.306306 16.819533 0.055168
6006.606607 16.952586 0.062361
6006.906907 16.854716 0.056985
6007.207207 16.859121 0.057217
6007.507508 16.832284 0.055820
6007.807808 16.827295 0.055564
6008.108108 16.776655 0.053032
6008.408408 16.823650 0.055378
6008.708709 16.929499 0.061048
6009.009009 16.919649 0.060497
6009.309309 16.834325 0.055925
6009.609610 16.988861 0.064479
6009.909910 16.745078 0.051512
6010.210210 16.801935 0.054281
6010.510511 16.751136 0.051800
6010.810811 16.887703 0.058743
6011.111111 16.699302 0.049385
6011.411411 16.853585 0.056926
6011.711712 16.784422 0.053413
6012.012012 16.836009 0.056012
6012.312312 16.862404 0.057390
6012.612613 16.877531 0.058195
6012.912913 16.781557 0.053272
6013.213213 16.842265 0.056335
6013.513514 16.857017 0.057106
6013.813814 16.858149 0.057166
6014.114114 16.758375 0.052147
6014.414414 16.881612 0.058414
6014.714715 16.807231 0.054547
6015.015015 16.830308 0.055718
6015.315315 16.821576 0.055272
6015.615616 16.834770 0.055948
6015.915916 16.767512 0.052587
6016.216216 16.802991 0.054334
6016.516517 16.901630 0.059501
6016.816817 16.817893 0.055085
6017.117117 16.853243 0.056908
6017.417417 16.858832 0.057202
6017.717718 16.810667 0.054720
6018.018018 16.880608 0.058360
6018.318318 16.798695 0.054119
6018.618619 16.964415 0.063044
6018.918919 16.875687 0.058097
6019.219219 16.841235 0.056282
6019.519520 16.800023 0.054186
6019.819820 16.899439 0.059381
6020.120120 16.929705 0.061060
6020.420420 16.848508 0.056660
6020.720721 16.733027 0.050943
6021.021021 16.844845 0.056469
6021.321321 16.776850 0.053041
6021.621622 16.850050 0.056741
6021.921922 16.838593 0.056145
6022.222222 16.796930 0.054032
6022.522523 16.897954 0.059300
6022.822823 16.713312 0.050027
6023.123123 16.856244 0.057065
6023.423423 17.058445 0.068747
6023.723724 16.790748 0.053725
6024.024024 16.775088 0.052955
6024.324324 16.833931 0.055905
6024.624625 16.815589 0.054968
6024.924925 16.843131 0.056380
6025.225225 16.856300 0.057068
6025.525526 16.761280 0.052286
6025.825826 16.880011 0.058328
6026.126126 16.887740 0.058745
6026.426426 16.873433 0.057976
6026.726727 16.849719 0.056724
6027.027027 16.754550 0.051963
6027.327327 16.893177 0.059040
6027.627628 16.866537 0.057609
6027.927928 16.900650 0.059448
6028.228228 16.818798 0.055131
6028.528529 16.755377 0.052003
6028.828829 16.879925 0.058324
6029.129129 16.906758 0.059783
6029.429429 16.824387 0.055415
6029.729730 16.845638 0.056511
6030.030030 16.944204 0.061881
6030.330330 16.878656 0.058256
6030.630631 16.839030 0.056168
6030.930931 16.755870 0.052026
6031.231231 16.875113 0.058066
6031.531532 16.810263 0.054699
6031.831832 16.894856 0.059131
6032.132132 16.868131 0.057694
6032.432432 16.818704 0.055126
6032.732733 16.793919 0.053882
6033.033033 16.881468 0.058407
6033.333333 16.735910 0.051079
6033.633634 16.849281 0.056701
6033.933934 16.836173 0.056020
6034.234234 16.719673 0.050320
6034.534535 16.786469 0.053513
6034.834835 16.772326 0.052821
6035.135135 16.837629 0.056095
6035.435435 16.751326 0.051809
6035.735736 16.843786 0.056414
6036.036036 16.938958 0.061583
6036.336336 16.801009 0.054235
6036.636637 16.801825 0.054276
6036.936937 16.844725 0.056463
6037.237237 16.744870 0.051502
6037.537538 16.753626 0.051919
6037.837838 16.788797 0.053628
6038.138138 16.884897 0.058591
6038.438438 16.811705 0.054772
6038.738739 16.785956 0.053488
6039.039039 16.877112 0.058173
6039.339339 16.758599 0.052157
6039.639640 16.846771 0.056570
6039.939940 16.859148 0.057218
6040.240240 16.884940 0.058594
6040.540541 16.776455 0.053022
6040.840841 16.786235 0.053502
6041.141141 16.836635 0.056044
6041.441441 16.799224 0.054146
6041.741742 16.908880 0.059900
6042.042042 16.824740 0.055433
6042.342342 16.796438 0.054007
6042.642643 16.802524 0.054311
6042.942943 16.782443 0.053315
6043.243243 16.794836 0.053927
6043.543544 16.788785 0.053628
6043.843844 16.773962 0.052901
6044.144144 16.775936 0.052997
6044.444444 16.780747 0.053232
6044.744745 16.840840 0.056262
6045.045045 16.806849 0.054527
6045.345345 16.861029 0.057318
6045.645646 16.818359 0.055109
6045.945946 16.868044 0.057689
6046.246246 16.882244 0.058448
6046.546547 16.758087 0.052133
6046.846847 16.797258 0.054048
6047.147147 16.998473 0.065053
6047.447447 16.795359 0.053953
6047.747748 16.889645 0.058848
6048.048048 16.800361 0.054203
6048.348348 16.761854 0.052314
6048.648649 16.844387 0.056446
6048.948949 16.706437 0.049711
6049.249249 16.805464 0.054458
6049.549550 16.772685 0.052838
6049.849850 16.747192 0.051612
6050.150150 16.806105 0.054490
6050.450450 16.824668 0.055430
6050.750751 16.863196 0.057432
6051.051051 16.813814 0.054878
6051.351351 16.822199 0.055304
6051.651652 16.718517 0.050267
6051.951952 16.795058 0.053939
6052.252252 16.799909 0.054180
6052.552553 16.800024 0.054186
6052.852853 16.790231 0.053699
6053.153153 16.827019 0.055550
6053.453453 16.756028 0.052034
6053.753754 16.771553 0.052783
6054.054054 16.753110 0.051894
6054.354354 16.717146 0.050203
6054.654655 16.789158 0.053646
6054.954955 16.799233 0.054146
6055.255255 16.729776 0.050791
6055.555556 16.884284 0.058558
6055.855856 16.710703 0.049906
6056.156156 16.736730 0.051117
6056.456456 16.766829 0.052554
6056.756757 16.733288 0.050955
6057.057057 16.752523 0.051866
6057.357357 16.849331 0.056703
6057.657658 16.793931 0.053883
6057.957958 16.605250 0.045287
6058.258258 16.702936 0.049551
6058.558559 16.761600 0.052302
6058.858859 16.757825 0.052120
6059.159159 16.745401 0.051527
6059.459459 16.775026 0.052952
6059.759760 16.760378 0.052243
6060.060060 16.765199 0.052475
6060.360360 16.726431 0.050635
6060.660661 16.883585 0.058521
6060.960961 16.689630 0.048947
6061.261261 16.725385 0.050586
6061.561562 16.743177 0.051422
6061.861862 16.727351 0.050678
6062.162162 16.725515 0.050592
6062.462462 16.785280 0.053455
6062.762763 16.775798 0.052990
6063.063063 16.764920 0.052462
6063.363363 16.711250 0.049932
6063.663664 16.726382 0.050632
6063.963964 16.696290 0.049248
6064.264264 16.689948 0.048962
6064.564565 16.683639 0.048678
6064.864865 16.664474 0.047826
6065.165165 16.652413 0.047298
6065.465465 16.844473 0.056450
6065.765766 16.690752 0.048998
6066.066066 16.630882 0.046369
6066.366366 16.726924 0.050658
6066.666667 16.755889 0.052027
6066.966967 16.680252 0.048526
6067.267267 16.704292 0.049613
6067.567568 16.724157 0.050529
6067.867868 16.773791 0.052892
6068.168168 16.769907 0.052703
6068.468468 16.674500 0.048270
6068.768769 16.683949 0.048692
6069.069069 16.762158 0.052329
6069.369369 16.603810 0.045227
6069.669670 16.693160 0.049107
6069.969970 16.720450 0.050357
6070.270270 16.651568 0.047261
6070.570571 16.593781 0.044811
6070.870871 16.596129 0.044908
6071.171171 16.614990 0.045695
6071.471471 16.597537 0.044967
6071.771772 16.597926 0.044983
6072.072072 16.612072 0.045573
6072.372372 16.593661 0.044806
6072.672673 16.571610 0.043906
6072.972973 16.561290 0.043490
6073.273273 16.689828 0.048956
6073.573574 16.598188 0.044994
6073.873874 16.577736 0.044154
6074.174174 16.490647 0.040751
6074.474474 16.627515 0.046225
6074.774775 16.620854 0.045943
6075.075075 16.557865 0.043353
6075.375375 16.584908 0.044447
6075.675676 16.621860 0.045985
6075.975976 16.551998 0.043120
6076.276276 16.623523 0.046056
6076.576577 16.474566 0.040152
6076.876877 16.589347 0.044629
6077.177177 16.567449 0.043738
6077.477477 16.493221 0.040847
6077.777778 16.556742 0.043308
6078.078078 16.537045 0.042530
6078.378378 16.485603 0.040562
6078.678679 16.546297 0.042894
6078.978979 16.560103 0.043443
6079.279279 16.405229 0.037668
6079.579580 16.475072 0.040170
6079.879880 16.514504 0.041656
6080.180180 16.443758 0.039028
6080.480480 16.455851 0.039465
6080.780781 16.380652 0.036824
6081.081081 16.409267 0.037808
6081.381381 16.420689 0.038208
6081.681682 16.391330 0.037188
6081.981982 16.352172 0.035871
6082.282282 16.332328 0.035221
6082.582583 16.386944 0.037038
6082.882883 16.351690 0.035855
6083.183183 16.362522 0.036215
6083.483483 16.373173 0.036572
6083.783784 16.359170 0.036103
6084.084084 16.328510 0.035098
6084.384384 16.289961 0.033873
6084.684685 16.225777 0.031929
6084.984985 16.252724 0.032731
6085.285285 16.239500 0.032335
6085.585586 16.200972 0.031208
6085.885886 16.250285 0.032658
6086.186186 16.234117 0.032175
6086.486486 16.188719 0.030858
6086.786787 16.205272 0.031332
6087.087087 16.157473 0.029982
6087.387387 16.121739 0.029012
6087.687688 16.128387 0.029190
6087.987988 16.104160 0.028546
6088.288288 16.129491 0.029219
6088.588589 16.067376 0.027595
6088.888889 16.099338 0.028419
6089.189189 16.034927 0.026782
6089.489489 16.005458 0.026065
6089.789790 15.989845 0.025693
6090.090090 15.992373 0.025753
6090.390390 15.926116 0.024228
6090.690691 15.911645 0.023907
6090.990991 15.920813 0.024110
6091.291291 15.888107 0.023395
6091.591592 15.882302 0.023270
6091.891892 15.852513 0.022640
6092.192192 15.814151 0.021854
6092.492492 15.757156 0.020737
6092.792793 15.767009 0.020926
6093.093093 15.715687 0.019960
6093.393393 15.710480 0.019864
6093.693694 15.675498 0.019234
6093.993994 15.640977 0.018632
6094.294294 15.597107 0.017894
6094.594595 15.605610 0.018035
6094.894895 15.563770 0.017353
6095.195195 15.546395 0.017078
6095.495495 15.510727 0.016526
6095.795796 15.495901 0.016302
6096.096096 15.457714 0.015738
6096.396396 15.399453 0.014916
6096.696697 15.395031 0.014856
6096.996997 15.363162 0.014426
6097.297297 15.319486 0.013857
6097.597598 15.314954 0.013799
6097.897898 15.308377 0.013716
6098.198198 15.274053 0.013289
6098.498498 15.248656 0.012982
6098.798799 15.223968 0.012690
6099.099099 15.224938 0.012701
6099.399399 15.226913 0.012725
6099.699700 15.195679 0.012364
6100.000000 15.197861 0.012389
6100.300300 15.209545 0.012523
6100.600601 15.216171 0.012599
6100.900901 15.209983 0.012528
6101.201201 15.235513 0.012826
6101.501502 15.235404 0.012824
6101.801802 15.276171 0.013315
6102.102102 15.286195 0.013439
6102.402402 15.290490 0.013492
6102.702703 15.328294 0.013970
6103.003003 15.367139 0.014479
6103.303303 15.399152 0.014912
6103.603604 15.410434 0.015068
6103.903904 15.424869 0.015269
6104.204204 15.448717 0.015609
6104.504505 15.503124 0.016411
6104.804805 15.487817 0.016181
6105.105105 15.562578 0.017334
6105.405405 15.584361 0.017686
6105.705706 15.618484 0.018250
6106.006006 15.631694 0.018474
6106.306306 15.682488 0.019358
6106.606607 15.715108 0.019949
6106.906907 15.747543 0.020554
6107.207207 15.758120 0.020755
6107.507508 15.769433 0.020972
6107.807808 15.803029 0.021632
6108.108108 15.821650 0.022006
6108.408408 15.833455 0.022246
6108.708709 15.878516 0.023189
6109.009009 15.894870 0.023541
6109.309309 15.921185 0.024118
6109.609610 15.923929 0.024179
6109.909910 15.958938 0.024972
6110.210210 16.020045 0.026418
6110.510511 16.052566 0.027221
6110.810811 16.026932 0.026586
6111.111111 16.064714 0.027527
6111.411411 16.070765 0.027681
6111.711712 16.057349 0.027341
6112.012012 16.122772 0.029039
6112.312312 16.122000 0.029019
6112.612613 16.151580 0.029820
6112.912913 16.206082 0.031355
6113.213213 16.144314 0.029621
6113.513514 16.178254 0.030562
6113.813814 16.231523 0.032099
6114.114114 16.174387 0.030453
6114.414414 16.291853 0.033933
6114.714715 16.208506 0.031425
6115.015015 16.265802 0.033128
6115.315315 16.260015 0.032952
6115.615616 16.281705 0.033617
6115.915916 16.254636 0.032789
6116.216216 16.291917 0.033935
6116.516517 16.290502 0.033890
6116.816817 16.285310 0.033729
6117.117117 16.314322 0.034642
6117.417417 16.399100 0.037455
6117.717718 16.328206 0.035088
6118.018018 16.403699 0.037614
6118.318318 16.398526 0.037436
6118.618619 16.377580 0.036720
6118.918919 16.378999 0.036768
6119.219219 16.380733 0.036827
6119.519520 16.356722 0.036022
6119.819820 16.434743 0.038706
6120.120120 16.446826 0.039139
6120.420420 16.413220 0.037946
6120.720721 16.460704 0.039642
6121.021021 16.437286 0.038796
6121.321321 16.522984 0.041983
6121.621622 16.456518 0.039490
6121.921922 16.472646 0.040081
6122.222222 16.450317 0.039265
6122.522523 16.551427 0.043097
6122.822823 16.558247 0.043369
6123.123123 16.506676 0.041357
6123.423423 16.484099 0.040506
6123.723724 16.611016 0.045528
6124.024024 16.526668 0.042125
6124.324324 16.553620 0.043184
6124.624625 16.559047 0.043400
6124.924925 16.451662 0.039313
6125.225225 16.575893 0.044079
6125.525526 16.557606 0.043343
6125.825826 16.561790 0.043510
6126.126126 16.594325 0.044834
6126.426426 16.577829 0.044158
6126.726727 16.578717 0.044194
6127.027027 16.556302 0.043291
6127.327327 16.597581 0.044968
6127.627628 16.609250 0.045454
6127.927928 16.539840 0.042639
6128.228228 16.540412 0.042662
6128.528529 16.652154 0.047287
6128.828829 16.461630 0.039676
6129.129129 16.622973 0.046033
6129.429429 16.563903 0.043595
6129.729730 16.602537 0.045174
6130.030030 16.542811 0.042756
6130.330330 16.554709 0.043227
6130.630631 16.662159 0.047724
6130.930931 16.515464 0.041693
6131.231231 16.652079 0.047283
6131.531532 16.683344 0.048665
6131.831832 16.629737 0.046320
6132.132132 16.607009 0.045361
6132.432432 16.624925 0.046115
6132.732733 16.536624 0.042513
6133.033033 16.572017 0.043922
6133.333333 16.533945 0.042409
6133.633634 16.589398 0.044631
6133.933934 16.589482 0.044634
6134.234234 16.604900 0.045273
6134.534535 16.524234 0.042031
6134.834835 16.539393 0.042622
6135.135135 16.525864 0.042094
6135.435435 16.613586 0.045636
6135.735736 16.531489 0.042313
6136.036036 16.441652 0.038953
6136.336336 16.525236 0.042070
6136.636637 16.449456 0.039234
6136.936937 16.479548 0.040336
6137.237237 16.421653 0.038242
6137.537538 16.368932 0.036429
6137.837838 16.371531 0.036516
6138.138138 16.390217 0.037150
6138.438438 16.246529 0.032545
6138.738739 16.153798 0.029881
6139.000000 15.998614 0.025901
6139.003339 16.050410 0.027167
6139.006678 15.992586 0.025758
6139.010017 16.048225 0.027112
6139.013356 16.016034 0.026320
6139.016694 16.007138 0.026105
6139.020033 15.982987 0.025531
6139.023372 16.009430 0.026161
6139.026711 16.021319 0.026449
6139.030050 16.030184 0.026665
6139.033389 16.032020 0.026711
6139.036728 16.018926 0.026390
6139.039039 15.990092 0.025699
6139.040067 16.027465 0.026599
6139.043406 15.982947 0.025530
6139.046745 16.021499 0.026453
6139.050083 15.997875 0.025884
6139.053422 16.003763 0.026024
6139.056761 15.974446 0.025331
6139.060100 15.995354 0.025824
6139.063439 16.006420 0.026088
6139.066778 15.954513 0.024870
6139.070117 16.008559 0.026140
6139.073456 16.023034 0.026490
6139.076795 15.955425 0.024891
6139.080134 15.963470 0.025076
6139.083472 16.020953 0.026440
6139.086811 15.978530 0.025427
6139.090150 15.973749 0.025315
6139.093489 15.970039 0.025228
6139.096828 15.973442 0.025308
6139.100167 15.948659 0.024737
6139.103506 15.956391 0.024913
6139.106845 15.949512 0.024756
6139.110184 16.012070 0.026224
6139.113523 16.026961 0.026586
6139.116861 15.987473 0.025637
6139.120200 16.032091 0.026712
6139.123539 15.950571 0.024780
6139.126878 16.004941 0.026053
6139.130217 15.966937 0.025157
6139.133556 15.951408 0.024799
6139.136895 15.970505 0.025239
6139.140234 15.907016 0.023806
6139.143573 15.943297 0.024615
6139.146912 15.942777 0.024603
6139.150250 15.968006 0.025181
6139.153589 15.920206 0.024097
6139.156928 15.980558 0.025474
6139.160267 15.960739 0.025013
6139.163606 15.956318 0.024912
6139.166945 15.960048 0.024997
6139.170284 15.949116 0.024747
6139.173623 15.934708 0.024421
6139.176962 15.908380 0.023836
6139.180301 15.930364 0.024323
6139.183639 15.962614 0.025057
6139.186978 15.929198 0.024297
6139.190317 15.955490 0.024893
6139.193656 15.939825 0.024536
6139.196995 15.912259 0.023921
6139.200334 15.938297 0.024502
6139.203673 15.900208 0.023657
6139.207012 15.913024 0.023938
6139.210351 15.874385 0.023101
6139.213689 15.913322 0.023944
6139.217028 15.918866 0.024067
6139.220367 15.907905 0.023825
6139.223706 15.923270 0.024165
6139.227045 15.869319 0.022993
6139.230384 15.917109 0.024028
6139.233723 15.921167 0.024118
6139.237062 15.905087 0.023764
6139.240401 15.920076 0.024094
6139.243740 15.877443 0.023166
6139.247078 15.916148 0.024007
6139.250417 15.850299 0.022594
6139.253756 15.849899 0.022586
6139.257095 15.863632 0.022873
6139.260434 15.899027 0.023631
6139.263773 15.853887 0.022669
6139.267112 15.881816 0.023260
6139.270451 15.869964 0.023007
6139.273790 15.867367 0.022952
6139.277129 15.846116 0.022507
6139.280467 15.838318 0.022346
6139.283806 15.836670 0.022312
6139.287145 15.843684 0.022457
6139.290484 15.896034 0.023566
6139.293823 15.870784 0.023024
6139.297162 15.845048 0.022485
6139.300501 15.842751 0.022438
6139.303840 15.868950 0.022986
6139.307179 15.853973 0.022671
6139.310518 15.856237 0.022718
6139.313856 15.862067 0.022840
6139.317195 15.827810 0.022131
6139.320534 15.810453 0.021780
6139.323873 15.821187 0.021996
6139.327212 15.830621 0.022188
6139.330551 15.876273 0.023141
6139.333890 15.824963 0.022073
6139.337229 15.838661 0.022353
6139.339339 15.840568 0.022393
6139.340568 15.829432 0.022164
6139.343907 15.783364 0.021243
6139.347245 15.777316 0.021125
6139.350584 15.787798 0.021330
6139.353923 15.812074 0.021812
6139.357262 15.798217 0.021536
6139.360601 15.800214 0.021576
6139.363940 15.808807 0.021747
6139.367279 15.796898 0.021510
6139.370618 15.807906 0.021729
6139.373957 15.754224 0.020681
6139.377295 15.766385 0.020914
6139.380634 15.766030 0.020907
6139.383973 15.780185 0.021181
6139.387312 15.766606 0.020918
6139.390651 15.745252 0.020511
6139.393990 15.730041 0.020225
6139.397329 15.775546 0.021091
6139.400668 15.741264 0.020435
6139.404007 15.740440 0.020420
6139.407346 15.741402 0.020438
6139.410684 15.758514 0.020763
6139.414023 15.745785 0.020521
6139.417362 15.725089 0.020133
6139.420701 15.664718 0.019044
6139.424040 15.730167 0.020228
6139.427379 15.718503 0.020011
6139.430718 15.730153 0.020227
6139.434057 15.731439 0.020251
6139.437396 15.754024 0.020677
6139.440735 15.728342 0.020194
6139.444073 15.691177 0.019514
6139.447412 15.676839 0.019258
6139.450751 15.682309 0.019355
6139.454090 15.710191 0.019859
6139.457429 15.695249 0.019587
6139.460768 15.695236 0.019587
6139.464107 15.679514 0.019306
6139.467446 15.686927 0.019438
6139.470785 15.689672 0.019487
6139.474124 15.649489 0.018779
6139.477462 15.676065 0.019244
6139.480801 15.709403 0.019844
6139.484140 15.631187 0.018465
6139.487479 15.667079 0.019086
6139.490818 15.669734 0.019132
6139.494157 15.699452 0.019663
6139.497496 15.686501 0.019430
6139.500835 15.632766 0.018492
6139.504174 15.661823 0.018993
6139.507513 15.642741 0.018663
6139.510851 15.639549 0.018608
6139.514190 15.632493 0.018487
6139.517529 15.635821 0.018544
6139.520868 15.650980 0.018805
6139.524207 15.612719 0.018154
6139.527546 15.617133 0.018228
6139.530885 15.633387 0.018503
6139.534224 15.631937 0.018478
6139.537563 15.626081 0.018378
6139.540902 15.603110 0.017994
6139.544240 15.586442 0.017720
6139.547579 15.599109 0.017927
6139.550918 15.620056 0.018277
6139.554257 15.597559 0.017902
6139.557596 15.572428 0.017492
6139.560935 15.589157 0.017764
6139.564274 15.602635 0.017986
6139.567613 15.622336 0.018315
6139.570952 15.553419 0.017189
6139.574290 15.585247 0.017700
6139.577629 15.561469 0.017317
6139.580968 15.546084 0.017073
6139.584307 15.545196 0.017059
6139.587646 15.552176 0.017169
6139.590985 15.540412 0.016984
6139.594324 15.537228 0.016934
6139.597663 15.478451 0.016042
6139.601002 15.524098 0.016731
6139.604341 15.520921 0.016682
6139.607679 15.502661 0.016404
6139.611018 15.520718 0.016679
6139.614357 15.516652 0.016616
6139.617696 15.521630 0.016693
6139.621035 15.509172 0.016502
6139.624374 15.484654 0.016134
6139.627713 15.516196 0.016609
6139.631052 15.502054 0.016394
6139.634391 15.503337 0.016414
6139.637730 15.486645 0.016163
6139.639640 15.470868 0.015930
6139.641068 15.478799 0.016047
6139.644407 15.453294 0.015674
6139.647746 15.455939 0.015713
6139.651085 15.481255 0.016083
6139.654424 15.448108 0.015600
6139.657763 15.460211 0.015775
6139.661102 15.460708 0.015782
6139.664441 15.459762 0.015768
6139.667780 15.445401 0.015561
6139.671119 15.412073 0.015091
6139.674457 15.418906 0.015186
6139.677796 15.393358 0.014833
6139.681135 15.424681 0.015267
6139.684474 15.424112 0.015259
6139.687813 15.395148 0.014857
6139.691152 15.394423 0.014847
6139.694491 15.412999 0.015103
6139.697830 15.415888 0.015144
6139.701169 15.405742 0.015003
6139.704508 15.361998 0.014410
6139.707846 15.393954 0.014841
6139.711185 15.358179 0.014360
6139.714524 15.369559 0.014511
6139.717863 15.360654 0.014393
6139.721202 15.356778 0.014341
6139.724541 15.380144 0.014653
6139.727880 15.351653 0.014274
6139.731219 15.353190 0.014294
6139.734558 15.324941 0.013927
6139.737896 15.337866 0.014094
6139.741235 15.313718 0.013784
6139.744574 15.329924 0.013991
6139.747913 15.288199 0.013463
6139.751252 15.307324 0.013703
6139.754591 15.299391 0.013603
6139.757930 15.293936 0.013535
6139.761269 15.300503 0.013617
6139.764608 15.299805 0.013608
6139.767947 15.298259 0.013589
6139.771285 15.273273 0.013280
6139.774624 15.276920 0.013324
6139.777963 15.267383 0.013208
6139.781302 15.261835 0.013140
6139.784641 15.280672 0.013370
6139.787980 15.239520 0.012873
6139.791319 15.242453 0.012908
6139.794658 15.229623 0.012756
6139.797997 15.223115 0.012680
6139.801336 15.235411 0.012824
6139.804674 15.237795 0.012853
6139.808013 15.220514 0.012650
6139.811352 15.235114 0.012821
6139.814691 15.198155 0.012392
6139.818030 15.188298 0.012280
6139.821369 15.207895 0.012504
6139.824708 15.169820 0.012073
6139.828047 15.197001 0.012379
6139.831386 15.173858 0.012118
6139.834725 15.177439 0.012158
6139.838063 15.155825 0.011918
6139.841402 15.171004 0.012086
6139.844741 15.163265 0.012000
6139.848080 15.143207 0.011780
6139.851419 15.143713 0.011786
6139.854758 15.140919 0.011756
6139.858097 15.137146 0.011715
6139.861436 15.132605 0.011666
6139.864775 15.129425 0.011632
6139.868114 15.117290 0.011502
6139.871452 15.104090 0.011363
6139.874791 15.099130 0.011312
6139.878130 15.112470 0.011452
6139.881469 15.089307 0.011210
6139.884808 15.111354 0.011440
6139.888147 15.098125 0.011301
6139.891486 15.085477 0.011170
6139.894825 15.085722 0.011173
6139.898164 15.069790 0.011010
6139.901503 15.098402 0.011304
6139.904841 15.065012 0.010962
6139.908180 15.061985 0.010931
6139.911519 15.081854 0.011133
6139.914858 15.054224 0.010853
6139.918197 15.047622 0.010788
6139.921536 15.048176 0.010793
6139.924875 15.067083 0.010983
6139.928214 15.038473 0.010697
6139.931553 15.055263 0.010864
6139.934891 15.043437 0.010746
6139.938230 15.054511 0.010856
6139.939940 15.050745 0.010819
6139.941569 15.045226 0.010764
6139.944908 15.049966 0.010811
6139.948247 15.020144 0.010518
6139.951586 15.022471 0.010541
6139.954925 15.033723 0.010650
6139.958264 15.034125 0.010654
6139.961603 15.012339 0.010443
6139.964942 15.024831 0.010564
6139.968280 15.034170 0.010655
6139.971619 15.011082 0.010431
6139.974958 15.016163 0.010480
6139.978297 15.017648 0.010494
6139.981636 15.014182 0.010460
6139.984975 15.012071 0.010440
6139.988314 15.000641 0.010331
6139.991653 15.025800 0.010573
6139.994992 15.021877 0.010535
6139.998331 15.011638 0.010436
6140.001669 15.018864 0.010506
6140.005008 15.003564 0.010359
6140.008347 15.025254 0.010568
6140.011686 15.011263 0.010432
6140.015025 15.034489 0.010658
6140.018364 15.019315 0.010510
6140.021703 15.017802 0.010495
6140.025042 15.006374 0.010385
6140.028381 15.011208 0.010432
6140.031720 15.025213 0.010567
6140.035058 15.021903 0.010535
6140.038397 15.007139 0.010393
6140.041736 15.040376 0.010716
6140.045075 15.040992 0.010722
6140.048414 15.026787 0.010583
6140.051753 15.051223 0.010823
6140.055092 15.050856 0.010820
6140.058431 15.051469 0.010826
6140.061770 15.041242 0.010724
6140.065109 15.036534 0.010678
6140.068447 15.046701 0.010778
6140.071786 15.053948 0.010851
6140.075125 15.066076 0.010973
6140.078464 15.056988 0.010881
6140.081803 15.058571 0.010897
6140.085142 15.060839 0.010920
6140.088481 15.055199 0.010863
6140.091820 15.064811 0.010960
6140.095159 15.072483 0.011037
6140.098497 15.077354 0.011087
6140.101836 15.076838 0.011082
6140.105175 15.054432 0.010855
6140.108514 15.102373 0.011346
6140.111853 15.096960 0.011289
6140.115192 15.080359 0.011118
6140.118531 15.113549 0.011463
6140.121870 15.126292 0.011598
6140.125209 15.108469 0.011409
6140.128548 15.125437 0.011589
6140.131886 15.121315 0.011545
6140.135225 15.157413 0.011936
6140.138564 15.123796 0.011572
6140.141903 15.126579 0.011601
6140.145242 15.138975 0.011735
6140.148581 15.139916 0.011745
6140.151920 15.154922 0.011908
6140.155259 15.170090 0.012076
6140.158598 15.167397 0.012046
6140.161937 15.174169 0.012121
6140.165275 15.159511 0.011959
6140.168614 15.193217 0.012336
6140.171953 15.180129 0.012188
6140.175292 15.186983 0.012265
6140.178631 15.185014 0.012243
6140.181970 15.204963 0.012470
6140.185309 15.216605 0.012604
6140.188648 15.233996 0.012808
6140.191987 15.197255 0.012382
6140.195326 15.209208 0.012519
6140.198664 15.231661 0.012780
6140.202003 15.220644 0.012651
6140.205342 15.231110 0.012774
6140.208681 15.244380 0.012931
6140.212020 15.250765 0.013007
6140.215359 15.248707 0.012982
6140.218698 15.272548 0.013271
6140.222037 15.262027 0.013143
6140.225376 15.273676 0.013285
6140.228715 15.282841 0.013397
6140.232053 15.274982 0.013301
6140.235392 15.290063 0.013487
6140.238731 15.293981 0.013535
6140.240240 15.282256 0.013390
6140.242070 15.300678 0.013619
6140.245409 15.301706 0.013632
6140.248748 15.331904 0.014016
6140.252087 15.286850 0.013447
6140.255426 15.323075 0.013903
6140.258765 15.335222 0.014059
6140.262104 15.326454 0.013946
6140.265442 15.329169 0.013981
6140.268781 15.328837 0.013977
6140.272120 15.356732 0.014341
6140.275459 15.358754 0.014367
6140.278798 15.348169 0.014228
6140.282137 15.348761 0.014236
6140.285476 15.354350 0.014309
6140.288815 15.363146 0.014426
6140.292154 15.364288 0.014441
6140.295492 15.363975 0.014437
6140.298831 15.398980 0.014910
6140.302170 15.400774 0.014934
6140.305509 15.388358 0.014765
6140.308848 15.433296 0.015388
6140.312187 15.437390 0.015447
6140.315526 15.384049 0.014706
6140.318865 15.412617 0.015098
6140.322204 15.425782 0.015282
6140.325543 15.412654 0.015099
6140.328881 15.400682 0.014933
6140.332220 15.452757 0.015667
6140.335559 15.452374 0.015661
6140.338898 15.442988 0.015526
6140.342237 15.453392 0.015676
6140.345576 15.459616 0.015766
6140.348915 15.436414 0.015433
6140.352254 15.439999 0.015484
6140.355593 15.448329 0.015603
6140.358932 15.453030 0.015671
6140.362270 15.504697 0.016434
6140.365609 15.476039 0.016006
6140.368948 15.500925 0.016377
6140.372287 15.491991 0.016243
6140.375626 15.519148 0.016655
6140.378965 15.514355 0.016581
6140.382304 15.511858 0.016543
6140.385643 15.517214 0.016625
6140.388982 15.528169 0.016794
6140.392321 15.551103 0.017152
6140.395659 15.528835 0.016804
6140.398998 15.525153 0.016747
6140.402337 15.535927 0.016914
6140.405676 15.544392 0.017046
6140.409015 15.537988 0.016946
6140.412354 15.559415 0.017284
6140.415693 15.540579 0.016987
6140.419032 15.545821 0.017069
6140.422371 15.540230 0.016981
6140.425710 15.556252 0.017234
6140.429048 15.562877 0.017339
6140.432387 15.577482 0.017574
6140.435726 15.577424 0.017573
6140.439065 15.583519 0.017672
6140.442404 15.588278 0.017750
6140.445743 15.606938 0.018057
6140.449082 15.601992 0.017975
6140.452421 15.605730 0.018037
6140.455760 15.598857 0.017923
6140.459098 15.619778 0.018272
6140.462437 15.599779 0.017939
6140.465776 15.630834 0.018459
6140.469115 15.608802 0.018088
6140.472454 15.668566 0.019112
6140.475793 15.615224 0.018196
6140.479132 15.657075 0.018911
6140.482471 15.625007 0.018360
6140.485810 15.631053 0.018463
6140.489149 15.634289 0.018518
6140.492487 15.642374 0.018656
6140.495826 15.670910 0.019153
6140.499165 15.665318 0.019055
6140.502504 15.669082 0.019121
6140.505843 15.680000 0.019314
6140.509182 15.696845 0.019616
6140.512521 15.676329 0.019249
6140.515860 15.662308 0.019002
6140.519199 15.667129 0.019087
6140.522538 15.670815 0.019151
6140.525876 15.680695 0.019327
6140.529215 15.707134 0.019803
6140.532554 15.672351 0.019179
6140.535893 15.686142 0.019424
6140.539232 15.704215 0.019750
6140.540541 15.718632 0.020014
6140.542571 15.702250 0.019714
6140.545910 15.734018 0.020299
6140.549249 15.686140 0.019424
6140.552588 15.707912 0.019817
6140.555927 15.713151 0.019913
6140.559265 15.760131 0.020794
6140.562604 15.725692 0.020144
6140.565943 15.704686 0.019758
6140.569282 15.728251 0.020192
6140.572621 15.741658 0.020443
6140.575960 15.707092 0.019802
6140.579299 15.719695 0.020033
6140.582638 15.756721 0.020728
6140.585977 15.759988 0.020791
6140.589316 15.739130 0.020395
6140.592654 15.768783 0.020960
6140.595993 15.767311 0.020931
6140.599332 15.766356 0.020913
6140.602671 15.784739 0.021270
6140.606010 15.750716 0.020614
6140.609349 15.743598 0.020479
6140.612688 15.728597 0.020198
6140.616027 15.749403 0.020589
6140.619366 15.819710 0.021966
6140.622705 15.768581 0.020956
6140.626043 15.797745 0.021527
6140.629382 15.791681 0.021407
6140.632721 15.794343 0.021459
6140.636060 15.797226 0.021516
6140.639399 15.827761 0.022130
6140.642738 15.818274 0.021937
6140.646077 15.812649 0.021824
6140.649416 15.782943 0.021235
6140.652755 15.797991 0.021531
6140.656093 15.810586 0.021783
6140.659432 15.792008 0.021413
6140.662771 15.856201 0.022717
6140.666110 15.800035 0.021572
6140.669449 15.829199 0.022159
6140.672788 15.847129 0.022528
6140.676127 15.837592 0.022331
6140.679466 15.798947 0.021550
6140.682805 15.805002 0.021671
6140.686144 15.820677 0.021986
6140.689482 15.847212 0.022530
6140.692821 15.820377 0.021980
6140.696160 15.864269 0.022887
6140.699499 15.859115 0.022778
6140.702838 15.863605 0.022873
6140.706177 15.886585 0.023362
6140.709516 15.876001 0.023135
6140.712855 15.867599 0.022957
6140.716194 15.855584 0.022704
6140.719533 15.836394 0.022307
6140.722871 15.837435 0.022328
6140.726210 15.834495 0.022268
6140.729549 15.836101 0.022301
6140.732888 15.882007 0.023264
6140.736227 15.872110 0.023053
6140.739566 15.897725 0.023603
6140.742905 15.870549 0.023019
6140.746244 15.897175 0.023591
6140.749583 15.869197 0.022991
6140.752922 15.867116 0.022947
6140.756260 15.916687 0.024019
6140.759599 15.910975 0.023893
6140.762938 15.903505 0.023729
6140.766277 15.896605 0.023579
6140.769616 15.838166 0.022343
6140.772955 15.927823 0.024266
6140.776294 15.904682 0.023755
6140.779633 15.891655 0.023471
6140.782972 15.901991 0.023696
6140.786311 15.871200 0.023033
6140.789649 15.907448 0.023815
6140.792988 15.913185 0.023941
6140.796327 15.906666 0.023798
6140.799666 15.895424 0.023553
6140.803005 15.918122 0.024051
6140.806344 15.911298 0.023900
6140.809683 15.925138 0.024206
6140.813022 15.903843 0.023736
6140.816361 15.946114 0.024679
6140.819699 15.936895 0.024470
6140.823038 15.973764 0.025315
6140.826377 15.925142 0.024207
6140.829716 15.924454 0.024191
6140.833055 15.898631 0.023623
6140.836394 15.960824 0.025015
6140.839733 15.961132 0.025022
6140.840841 15.959567 0.024986
6140.843072 15.964473 0.025099
6140.846411 15.944618 0.024645
6140.849750 15.982081 0.025510
6140.853088 15.976858 0.025387
6140.856427 16.000271 0.025941
6140.859766 16.014988 0.026295
6140.863105 16.009766 0.026169
6140.866444 15.939121 0.024520
6140.869783 15.955007 0.024882
6140.873122 15.978761 0.025432
6140.876461 15.980276 0.025467
6140.879800 15.965817 0.025131
6140.883139 16.003625 0.026021
6140.886477 16.027505 0.026600
6140.889816 16.003226 0.026012
6140.893155 15.950099 0.024769
6140.896494 15.975651 0.025359
6140.899833 16.036839 0.026829
6140.903172 15.999832 0.025930
6140.906511 16.027060 0.026589
6140.909850 16.008569 0.026140
6140.913189 15.952527 0.024825
6140.916528 15.996847 0.025859
6140.919866 15.959124 0.024976
6140.923205 15.996539 0.025852
6140.926544 16.003623 0.026021
6140.929883 15.989373 0.025682
6140.933222 16.020887 0.026438
6140.936561 16.034177 0.026764
6140.939900 16.011281 0.026205
6140.943239 16.032623 0.026725
6140.946578 15.984665 0.025571
6140.949917 16.049170 0.027136
6140.953255 16.002191 0.025987
6140.956594 15.965032 0.025112
6140.959933 16.011061 0.026200
6140.963272 16.007078 0.026104
6140.966611 15.982567 0.025521
6140.969950 15.977044 0.025392
6140.973289 16.038552 0.026872
6140.976628 16.065322 0.027543
6140.979967 16.001132 0.025961
6140.983306 16.044829 0.027028
6140.986644 16.025465 0.026550
6140.989983 16.038190 0.026863
6140.993322 16.031669 0.026702
6140.996661 16.023705 0.026507
6141.000000 16.027496 0.026600
6141.141141 16.118325 0.028920
6141.441441 16.220520 0.031775
6141.741742 16.283461 0.033671
6142.042042 16.379444 0.036784
6142.342342 16.403688 0.037614
6142.642643 16.427943 0.038464
6142.942943 16.433438 0.038659
6143.243243 16.520980 0.041905
6143.543544 16.532935 0.042369
6143.843844 16.528868 0.042211
6144.144144 16.596018 0.044904
6144.444444 16.633644 0.046487
6144.744745 16.593477 0.044799
6145.045045 16.570375 0.043856
6145.345345 16.663662 0.047790
6145.645646 16.632494 0.046438
6145.945946 16.628083 0.046250
6146.246246 16.617791 0.045813
6146.546547 16.640458 0.046780
6146.846847 16.581599 0.044311
6147.147147 16.636394 0.046605
6147.447447 16.690112 0.048969
6147.747748 16.823914 0.055391
6148.048048 16.684001 0.048694
6148.348348 16.657088 0.047502
6148.648649 16.682258 0.048616
6148.948949 16.678236 0.048436
6149.249249 16.674968 0.048291
6149.549550 16.687113 0.048834
6149.849850 16.728436 0.050728
6150.150150 16.701458 0.049483
6150.450450 16.717097 0.050201
6150.750751 16.740958 0.051317
6151.051051 16.737664 0.051161
6151.351351 16.768774 0.052648
6151.651652 16.692926 0.049096
6151.951952 16.748371 0.051668
6152.252252 16.660062 0.047632
6152.552553 16.813461 0.054861
6152.852853 16.745462 0.051530
6153.153153 16.668081 0.047985
6153.453453 16.801839 0.054276
6153.753754 16.662421 0.047736
6154.054054 16.851790 0.056832
6154.354354 16.782367 0.053312
6154.654655 16.802875 0.054328
6154.954955 16.853893 0.056942
6155.255255 16.770826 0.052748
6155.555556 16.762975 0.052368
6155.855856 16.765762 0.052503
6156.156156 16.716114 0.050156
6156.456456 16.822415 0.055315
6156.756757 16.739809 0.051262
6157.057057 16.868193 0.057697
6157.357357 16.755020 0.051986
6157.657658 16.808875 0.054629
6157.957958 16.915544 0.060269
6158.258258 16.836287 0.056026
6158.558559 16.669976 0.048069
6158.858859 16.841387 0.056290
6159.159159 16.815561 0.054967
6159.459459 16.831504 0.055780
6159.759760 16.827402 0.055569
6160.060060 16.872376 0.057920
6160.360360 16.769078 0.052663
6160.660661 16.839760 0.056206
6160.960961 16.679912 0.048511
6161.261261 16.839102 0.056172
6161.561562 16.736020 0.051084
6161.861862 16.779980 0.053195
6162.162162 16.834006 0.055909
6162.462462 16.825986 0.055497
6162.762763 16.808387 0.054605
6163.063063 16.798697 0.054120
6163.363363 16.765179 0.052474
6163.663664 16.849360 0.056705
6163.963964 16.780927 0.053241
6164.264264 16.842858 0.056366
6164.564565 16.760434 0.052246
6164.864865 16.824709 0.055432
6165.165165 16.857538 0.057134
6165.465465 16.880620 0.058361
6165.765766 16.880562 0.058358
6166.066066 16.846076 0.056533
6166.366366 16.808793 0.054625
6166.666667 16.810157 0.054694
6166.966967 16.757558 0.052107
6167.267267 16.750473 0.051768
6167.567568 16.854425 0.056970
6167.867868 16.865586 0.057559
6168.168168 16.727990 0.050707
6168.468468 16.810939 0.054733
6168.768769 16.832265 0.055819
6169.069069 16.794541 0.053913
6169.369369 16.790896 0.053732
6169.669670 16.768476 0.052634
6169.969970 16.870458 0.057817
6170.270270 16.748613 0.051680
6170.570571 16.732428 0.050915
6170.870871 16.769781 0.052697
6171.171171 16.902418 0.059545
6171.471471 16.851439 0.056813
6171.771772 16.914717 0.060223
6172.072072 16.755512 0.052009
6172.372372 16.816927 0.055036
6172.672673 16.847070 0.056585
6172.972973 16.919786 0.060505
6173.273273 16.868283 0.057702
6173.573574 16.888389 0.058780
6173.873874 16.865728 0.057566
6174.174174 16.844255 0.056439
6174.474474 16.763124 0.052375
6174.774775 16.782492 0.053318
6175.075075 16.777487 0.053073
6175.375375 16.907830 0.059842
6175.675676 16.837547 0.056091
6175.975976 16.809747 0.054673
6176.276276 16.767355 0.052580
6176.576577 16.737780 0.051167
6176.876877 16.842131 0.056328
6177.177177 16.802078 0.054288
6177.477477 16.851846 0.056835
6177.777778 16.858064 0.057161
6178.078078 16.838335 0.056132
6178.378378 16.831197 0.055764
6178.678679 16.822852 0.055337
6178.978979 16.778501 0.053122
6179.279279 16.833101 0.055862
6179.579580 16.865171 0.057537
6179.879880 16.832210 0.055816
6180.180180 16.777605 0.053078
6180.480480 16.905602 0.059720
6180.780781 16.876481 0.058139
6181.081081 16.798005 0.054085
6181.381381 16.856918 0.057101
6181.681682 16.834251 0.055921
6181.981982 16.809987 0.054685
6182.282282 16.732464 0.050917
6182.582583 16.917005 0.060350
6182.882883 16.782434 0.053315
6183.183183 16.781959 0.053292
6183.483483 16.877964 0.058219
6183.783784 16.703492 0.049576
6184.084084 16.800401 0.054205
6184.384384 16.912612 0.060106
6184.684685 16.826605 0.055529
6184.984985 16.812088 0.054791
6185.285285 16.885713 0.058636
6185.585586 16.925741 0.060838
6185.885886 16.859603 0.057242
6186.186186 16.851054 0.056793
6186.486486 16.899126 0.059364
6186.786787 16.970847 0.063418
6187.087087 16.861218 0.057327
6187.387387 16.778729 0.053133
6187.687688 16.851077 0.056795
6187.987988 16.776402 0.053020
6188.288288 16.831529 0.055781
6188.588589 16.817919 0.055086
6188.888889 16.844009 0.056426
6189.189189 16.852172 0.056852
6189.489489 16.814949 0.054936
6189.789790 16.833328 0.055874
6190.090090 16.931703 0.061173
6190.390390 16.786771 0.053528
6190.690691 16.808015 0.054586
6190.990991 16.887658 0.058741
6191.291291 16.864955 0.057525
6191.591592 16.786994 0.053539
6191.891892 16.819992 0.055192
6192.192192 16.814661 0.054921
6192.492492 16.925975 0.060851
6192.792793 16.717326 0.050212
6193.093093 16.959312 0.062748
6193.393393 16.936234 0.061428
6193.693694 16.891888 0.058970
6193.993994 16.824501 0.055421
6194.294294 16.905044 0.059689
6194.594595 16.879808 0.058317
6194.894895 16.828626 0.055632
6195.195195 16.811235 0.054748
6195.495495 16.758510 0.052153
6195.795796 16.756100 0.052037
6196.096096 16.821934 0.055290
6196.396396 16.843919 0.056421
6196.696697 16.928762 0.061007
6196.996997 16.894986 0.059138
6197.297297 16.838304 0.056130
6197.597598 16.735011 0.051036
6197.897898 16.791178 0.053746
6198.198198 16.776733 0.053036
6198.498498 16.885766 0.058638
6198.798799 16.899628 0.059392
6199.099099 16.785355 0.053459
6199.399399 16.733937 0.050986
6199.699700 16.785735 0.053477
6200.000000 16.836507 0.056037
6200.300300 16.869324 0.057757
6200.600601 16.902341 0.059540
6200.900901 16.908729 0.059892
6201.201201 16.805783 0.054474
6201.501502 16.786167 0.053499
6201.801802 16.906606 0.059775
6202.102102 16.823345 0.055362
6202.402402 16.969890 0.063362
6202.702703 16.734470 0.051011
6203.003003 16.831263 0.055767
6203.303303 16.907229 0.059809
6203.603604 16.770246 0.052720
6203.903904 16.820069 0.055195
6204.204204 16.866528 0.057609
6204.504505 16.975182 0.063672
6204.804805 16.952864 0.062377
6205.105105 16.910649 0.059998
6205.405405 16.851375 0.056810
6205.705706 16.890083 0.058872
6206.006006 16.893662 0.059066
6206.306306 16.894068 0.059088
6206.606607 16.821586 0.055273
6206.906907 16.815019 0.054939
6207.207207 16.755414 0.052005
6207.507508 16.920833 0.060563
6207.807808 16.877296 0.058183
6208.108108 16.794160 0.053894
6208.408408 16.756393 0.052051
6208.708709 16.801845 0.054277
6209.009009 16.846913 0.056577
6209.309309 16.902195 0.059532
6209.609610 16.784951 0.053439
6209.909910 16.831155 0.055762
6210.210210 16.894775 0.059127
6210.510511 16.880083 0.058332
6210.810811 16.913718 0.060168
6211.111111 16.880036 0.058330
6211.411411 16.922687 0.060667
6211.711712 16.742761 0.051402
6212.012012 16.840033 0.056220
6212.312312 16.821790 0.055283
6212.612613 16.777720 0.053084
6212.912913 16.826447 0.055521
6213.213213 16.905861 0.059734
6213.513514 16.853509 0.056922
6213.813814 16.852960 0.056893
6214.114114 16.900938 0.059464
6214.414414 17.018876 0.066287
6214.714715 16.882769 0.058477
6215.015015 16.815138 0.054945
6215.315315 16.899679 0.059395
6215.615616 16.853539 0.056923
6215.915916 16.850371 0.056758
6216.216216 16.743036 0.051415
6216.516517 16.854034 0.056949
6216.816817 16.865691 0.057564
6217.117117 16.818600 0.055121
6217.417417 16.930133 0.061084
6217.717718 16.867671 0.057669
6218.018018 16.841408 0.056291
6218.318318 16.972497 0.063515
6218.618619 16.939920 0.061637
6218.918919 16.886738 0.058691
6219.219219 16.902489 0.059549
6219.519520 16.858298 0.057174
6219.819820 16.790960 0.053735
6220.120120 16.824238 0.055408
6220.420420 16.900281 0.059428
6220.720721 16.819672 0.055175
6221.021021 16.733201 0.050951
6221.321321 16.817271 0.055053
6221.621622 16.894902 0.059134
6221.921922 16.794841 0.053928
6222.222222 16.898148 0.059311
6222.522523 16.837499 0.056089
6222.822823 16.847950 0.056631
6223.123123 16.865343 0.057546
6223.423423 16.869193 0.057750
6223.723724 16.908568 0.059883
6224.024024 16.800953 0.054232
6224.324324 16.832996 0.055857
6224.624625 16.796507 0.054011
6224.924925 16.843106 0.056379
6225.225225 16.874883 0.058054
6225.525526 16.875634 0.058094
6225.825826 16.919865 0.060509
6226.126126 16.838098 0.056120
6226.426426 16.825156 0.055455
6226.726727 16.885035 0.058599
6227.027027 16.963084 0.062966
6227.327327 16.809825 0.054677
6227.627628 16.741469 0.051341
6227.927928 16.806204 0.054495
6228.228228 16.810375 0.054705
6228.528529 16.747135 0.051609
6228.828829 16.831931 0.055802
6229.129129 16.828745 0.055638
6229.429429 16.848574 0.056664
6229.729730 16.846338 0.056547
6230.030030 16.833399 0.055877
6230.330330 16.816864 0.055033
6230.630631 16.848784 0.056675
6230.930931 16.935197 0.061370
6231.231231 16.788241 0.053601
6231.531532 16.787478 0.053563
6231.831832 16.779514 0.053172
6232.132132 16.735813 0.051074
6232.432432 17.024864 0.066653
6232.732733 16.915529 0.060268
6233.033033 16.842578 0.056352
6233.333333 16.865162 0.057536
6233.633634 16.924517 0.060769
6233.933934 16.823489 0.055370
6234.234234 16.855434 0.057023
6234.534535 16.865098 0.057533
6234.834835 16.845210 0.056488
6235.135135 16.875442 0.058083
6235.435435 16.826297 0.055513
6235.735736 16.882630 0.058469
6236.036036 16.801594 0.054264
6236.336336 16.858390 0.057178
6236.636637 16.924962 0.060794
6236.936937 16.881779 0.058423
6237.237237 16.855160 0.057008
6237.537538 16.835278 0.055974
6237.837838 16.960075 0.062792
6238.138138 16.872976 0.057952
6238.438438 16.810439 0.054708
6238.738739 16.825449 0.055470
6239.039039 16.790813 0.053728
6239.339339 16.794411 0.053906
6239.639640 16.847656 0.056616
6239.939940 16.861518 0.057343
6240.240240 16.867831 0.057678
6240.540541 16.864620 0.057507
6240.840841 16.758154 0.052136
6241.141141 16.791911 0.053782
6241.441441 16.801607 0.054265
6241.741742 16.900348 0.059431
6242.042042 16.811133 0.054743
6242.342342 16.786879 0.053534
6242.642643 16.856591 0.057084
6242.942943 16.919248 0.060475
6243.243243 16.875971 0.058112
6243.543544 16.790754 0.053725
6243.843844 16.909538 0.059936
6244.144144 16.967671 0.063233
6244.444444 16.871352 0.057865
6244.744745 16.897761 0.059290
6245.045045 16.933477 0.061273
6245.345345 16.829016 0.055652
6245.645646 16.789941 0.053685
6245.945946 16.828668 0.055634
6246.246246 16.822420 0.055315
6246.546547 16.795138 0.053942
6246.846847 16.859852 0.057255
6247.147147 16.871038 0.057848
6247.447447 16.775384 0.052970
6247.747748 16.867844 0.057678
6248.048048 16.907401 0.059819
6248.348348 16.816923 0.055036
6248.648649 16.749516 0.051723
6248.948949 16.852750 0.056882
6249.249249 16.975443 0.063687
6249.549550 16.898634 0.059338
6249.849850 16.783145 0.053350
6250.150150 16.853304 0.056911
6250.450450 16.947212 0.062053
6250.750751 16.989236 0.064502
6251.051051 16.865017 0.057528
6251.351351 16.781803 0.053284
6251.651652 16.823355 0.055363
6251.951952 16.824199 0.055406
6252.252252 16.964180 0.063030
6252.552553 16.829106 0.055657
6252.852853 16.872304 0.057916
6253.153153 16.777307 0.053064
6253.453453 16.793932 0.053883
6253.753754 16.774147 0.052910
6254.054054 16.899934 0.059409
6254.354354 16.916502 0.060322
6254.654655 16.920236 0.060530
6254.954955 16.833561 0.055886
6255.255255 16.917420 0.060373
6255.555556 16.740463 0.051293
6255.855856 16.805123 0.054441
6256.156156 16.857966 0.057156
6256.456456 16.842053 0.056324
6256.756757 16.772605 0.052834
6257.057057 16.800047 0.054187
6257.357357 16.860076 0.057267
6257.657658 16.831223 0.055765
6257.957958 16.812625 0.054818
6258.258258 16.830857 0.055747
6258.558559 16.767424 0.052583
6258.858859 16.828550 0.055628
6259.159159 16.726155 0.050622
6259.459459 16.770079 0.052712
6259.759760 16.753462 0.051911
6260.060060 16.845943 0.056527
6260.360360 16.835449 0.055983
6260.660661 16.854476 0.056973
6260.960961 16.806184 0.054494
6261.261261 16.805032 0.054436
6261.561562 16.902444 0.059546
6261.861862 16.782469 0.053317
6262.162162 16.805196 0.054445
6262.462462 16.828552 0.055628
6262.762763 16.775548 0.052978
6263.063063 16.993962 0.064783
6263.363363 16.794949 0.053933
6263.663664 16.828322 0.055617
6263.963964 16.923865 0.060733
6264.264264 16.922892 0.060678
6264.564565 16.895883 0.059187
6264.864865 16.830036 0.055704
6265.165165 16.932102 0.061195
6265.465465 16.797505 0.054060
6265.765766 16.822477 0.055318
6266.066066 16.974248 0.063617
6266.366366 16.844281 0.056440
6266.666667 16.855071 0.057004
6266.966967 16.773293 0.052868
6267.267267 16.919900 0.060511
6267.567568 16.933309 0.061263
6267.867868 16.820305 0.055207
6268.168168 16.776812 0.053040
6268.468468 16.889286 0.058829
6268.768769 16.786718 0.053526
6269.069069 16.754172 0.051945
6269.369369 16.817405 0.055060
6269.669670 16.932519 0.061219
6269.969970 16.896453 0.059218
6270.270270 16.771749 0.052793
6270.570571 16.782420 0.053314
6270.870871 16.815817 0.054980
6271.171171 16.906579 0.059773
6271.471471 16.776368 0.053018
6271.771772 16.800837 0.054226
6272.072072 16.810789 0.054726
6272.372372 16.838349 0.056133
6272.672673 16.818156 0.055098
6272.972973 16.799056 0.054137
6273.273273 16.829132 0.055658
6273.573574 16.817751 0.055078
6273.873874 16.813296 0.054852
6274.174174 16.895541 0.059169
6274.474474 16.780810 0.053235
6274.774775 16.741627 0.051348
6275.075075 16.830639 0.055735
6275.375375 16.867736 0.057673
6275.675676 16.888259 0.058773
6275.975976 16.818733 0.055128
6276.276276 16.791068 0.053741
6276.576577 16.817187 0.055049
6276.876877 16.787339 0.053556
6277.177177 16.930450 0.061102
6277.477477 16.818439 0.055113
6277.777778 16.860834 0.057307
6278.078078 16.826489 0.055523
6278.378378 16.839437 0.056189
6278.678679 16.877647 0.058202
6278.978979 16.865450 0.057551
6279.279279 16.822707 0.055330
6279.579580 16.888584 0.058791
6279.879880 16.984359 0.064212
6280.180180 16.865953 0.057578
6280.480480 16.816094 0.054994
6280.780781 16.774320 0.052918
6281.081081 16.781569 0.053273
6281.381381 16.874101 0.058012
6281.681682 16.926485 0.060879
6281.981982 16.983587 0.064167
6282.282282 16.973739 0.063587
6282.582583 16.864221 0.057486
6282.882883 16.861422 0.057338
6283.183183 16.799482 0.054159
6283.483483 16.975172 0.063671
6283.783784 16.789872 0.053681
6284.084084 16.870644 0.057827
6284.384384 16.843034 0.056375
6284.684685 16.779343 0.053163
6284.984985 16.833601 0.055888
6285.285285 16.862197 0.057379
6285.585586 16.698754 0.049360
6285.885886 16.812317 0.054803
6286.186186 16.814758 0.054926
6286.486486 16.891923 0.058972
6286.786787 16.834292 0.055923
6287.087087 16.803790 0.054374
6287.387387 16.789253 0.053651
6287.687688 16.911740 0.060058
6287.987988 16.770604 0.052737
6288.288288 16.899253 0.059371
6288.588589 16.998606 0.065061
6288.888889 16.855028 0.057002
6289.189189 16.889623 0.058847
6289.489489 16.895524 0.059168
6289.789790 16.856482 0.057078
6290.090090 16.844305 0.056441
6290.390390 16.798525 0.054111
6290.690691 16.877655 0.058202
6290.990991 16.883008 0.058490
6291.291291 16.809697 0.054671
6291.591592 16.890720 0.058907
6291.891892 16.996720 0.064948
6292.192192 16.779892 0.053190
6292.492492 16.874236 0.058019
6292.792793 16.829245 0.055664
6293.093093 16.838096 0.056120
6293.393393 16.792688 0.053821
6293.693694 16.761309 0.052288
6293.993994 16.884175 0.058553
6294.294294 16.802958 0.054332
6294.594595 16.795121 0.053942
6294.894895 16.915989 0.060294
6295.195195 16.829469 0.055675
6295.495495 16.761942 0.052318
6295.795796 16.910047 0.059964
6296.096096 16.864827 0.057518
6296.396396 16.825061 0.055450
6296.696697 16.841645 0.056303
6296.996997 16.775522 0.052977
6297.297297 16.835228 0.055971
6297.597598 16.833608 0.055888
6297.897898 16.860808 0.057306
6298.198198 16.862054 0.057372
6298.498498 16.805186 0.054444
6298.798799 16.849112 0.056692
6299.099099 16.794761 0.053924
6299.399399 16.836595 0.056042
6299.699700 16.789771 0.053676
6300.000000 16.830006 0.055703
