2127.551680 18.462601 0.046578
2130.576140 18.441000 0.039756
2133.586260 18.422501 0.039383
2141.697920 18.354700 0.058274
2169.601720 18.415800 0.054343
2189.570930 18.576200 0.075881
2190.492620 18.461000 0.044334
2215.505200 18.529699 0.087312
2337.884440 18.429399 0.036582
2353.836630 18.477400 0.049384
2363.814410 18.454000 0.058742
2373.850280 18.421900 0.043026
2464.812060 18.450800 0.040317
2816.708000 18.477600 0.038822
2852.663140 18.398001 0.048916
3059.891510 18.364000 0.038355
3064.902690 18.541700 0.052097
3068.855860 18.504000 0.044521
3071.908410 18.416800 0.048448
3075.906960 18.485800 0.048074
3077.827730 18.459999 0.086938
3081.809880 18.437599 0.038916
3084.787750 18.499300 0.041718
3086.849110 18.469101 0.033131
3088.838510 18.446501 0.032385
3090.751210 18.496300 0.040317
3091.901740 18.417200 0.032945
3097.849890 18.525600 0.040597
3099.820090 18.446100 0.047139
3101.849030 18.504000 0.051348
3102.916290 18.512100 0.043119
3104.800700 18.528500 0.103153
3107.803990 18.459600 0.043213
3108.853760 18.429399 0.034250
3112.903450 18.489500 0.039943
3114.889990 18.403999 0.037049
3115.901880 18.466900 0.035929
3116.808230 18.472401 0.048542
3124.783800 18.420099 0.060895
3126.713550 18.456100 0.035929
3127.914770 18.493000 0.041531
3128.904030 18.454300 0.046204
3130.781780 18.462200 0.048729
3131.725340 18.433500 0.052845
3135.737660 18.575399 0.043867
3138.739190 18.458700 0.040036
3140.714610 18.453600 0.039009
3141.776380 18.433701 0.035182
3142.850510 18.448400 0.040410
3144.868500 18.465599 0.042746
3146.942440 18.482599 0.062674
3151.844000 18.418200 0.039663
3152.841960 18.527901 0.048168
3153.845140 18.358999 0.047420
3156.897940 18.433800 0.043867
3162.611680 18.420300 0.051442
3163.844280 18.444599 0.042092
3164.830030 18.430799 0.042839
3165.612060 18.411200 0.038636
3167.693360 18.449499 0.047326
3168.766320 18.500200 0.038262
3169.869740 18.432699 0.047420
3170.901340 18.532700 0.048916
3171.743250 18.431400 0.033224
3173.780660 18.454000 0.043026
3174.793770 18.419800 0.037235
3175.902970 18.485600 0.049664
3178.568440 18.591499 0.064359
3179.807540 18.459600 0.040036
3180.814680 18.517500 0.034903
3182.871910 18.518499 0.043867
3183.842700 18.447399 0.047887
3184.786310 18.455700 0.042746
3185.582370 18.443300 0.041438
3193.639840 18.463100 0.039102
3194.656380 18.449050 0.039386
3195.797630 18.452400 0.027854
3196.563880 18.561100 0.052658
3197.814410 18.402300 0.054436
3201.554560 18.436701 0.034623
3202.795660 18.412300 0.042278
3203.804930 18.479000 0.037049
3204.805360 18.500999 0.049945
3206.683530 18.570000 0.041344
3210.736990 18.479300 0.045550
3211.763370 18.503300 0.053220
3217.742740 18.534901 0.054249
3218.750310 18.424601 0.068012
3219.582330 18.464899 0.065858
3224.505560 18.397400 0.037795
3226.735740 18.478300 0.051068
3228.747940 18.497499 0.067731
3229.690020 18.462700 0.039476
3231.682300 18.502300 0.051535
3239.487110 18.443600 0.035462
3240.553430 18.474100 0.055185
3245.665210 18.388201 0.051629
3247.527220 18.455500 0.036955
3249.647170 18.471500 0.046298
3251.542380 18.495701 0.047607
3254.626230 18.498100 0.058461
3257.566200 18.476999 0.036489
3265.560510 18.538401 0.045269
3267.618130 18.479900 0.039476
3273.522150 18.393200 0.060801
3277.482570 18.541201 0.058180
3280.481520 18.400999 0.054530
3283.489860 18.568701 0.051910
3289.543490 18.488501 0.043587
3294.538320 18.493401 0.042185
3296.486640 18.524000 0.086375
3305.531730 18.537399 0.057525
3307.521530 18.515699 0.086000
3309.523520 18.572300 0.062018
3311.504280 18.452700 0.060052
3419.851870 18.550501 0.044615
3424.860450 18.379801 0.042652
3427.879610 18.505501 0.045550
3430.845640 18.523500 0.042746
3436.890360 18.576500 0.048074
3443.862520 18.527000 0.034996
3445.890010 18.481100 0.030243
3448.796660 18.452200 0.043306
3450.814160 18.519199 0.035742
3453.857470 18.503799 0.040877
3457.902430 18.469601 0.037982
3458.892510 18.405899 0.038542
3468.891170 18.427900 0.035836
3469.917880 18.481800 0.033690
3472.883840 18.515400 0.036769
3474.812460 18.437901 0.035742
3476.909240 18.448000 0.032945
3479.836020 18.462601 0.029312
3481.812910 18.475300 0.032106
3484.762140 18.546700 0.056308
3500.931860 18.492599 0.039383
3508.926080 18.380301 0.053594
3509.941880 18.469000 0.042933
3520.685920 18.483801 0.049103
3521.927490 18.383200 0.038542
3522.832690 18.497299 0.045830
3523.859600 18.487000 0.042746
3526.904190 18.388300 0.047326
3528.855280 18.454201 0.047794
3530.912970 18.580000 0.036395
3538.878390 18.505501 0.051255
3544.848210 18.506001 0.053032
3547.868530 18.439800 0.051629
3550.851520 18.445200 0.036675
3551.857390 18.445000 0.048448
3552.852790 18.518600 0.066607
3553.816510 18.377001 0.057431
3556.776900 18.436399 0.047326
3558.749970 18.447001 0.039850
3560.668720 18.490499 0.031920
3561.804190 18.489000 0.034716
3562.684160 18.459200 0.035462
3563.752230 18.484400 0.040784
3574.775340 18.486601 0.056308
3575.717590 18.486601 0.037422
3578.768020 18.725350 0.043036
3579.707000 18.467501 0.033504
3581.771520 18.486900 0.040223
3582.705720 18.495100 0.036209
3583.723570 18.431200 0.040410
3584.727610 18.601801 0.041624
3585.736100 18.566700 0.037235
3618.677390 18.482500 0.043961
3619.517590 18.423300 0.035929
3621.672960 18.530500 0.050132
3631.586680 18.416500 0.049290
3635.564390 18.555300 0.035742
3641.613920 18.650000 0.076724
3652.569470 18.474199 0.065296
3783.897890 18.522499 0.057993
3786.882160 18.429199 0.039756
3792.900000 18.551100 0.046672
3794.899130 18.405800 0.037515
3796.890920 18.472000 0.039663
3797.890560 18.462099 0.033504
3800.871620 18.438299 0.039383
3802.818480 18.578400 0.042839
3803.851120 18.518200 0.040130
3804.898300 18.412901 0.042746
3806.910770 18.550900 0.045550
3808.895800 18.424400 0.037049
3810.811830 18.490801 0.045363
3812.798000 18.441999 0.047233
3814.788900 18.544300 0.043587
3818.853740 18.492800 0.039569
3819.913190 18.467501 0.029871
3820.905460 18.384100 0.033411
3821.916780 18.410900 0.036769
3823.913810 18.470900 0.033504
3825.915760 18.404301 0.038542
3826.914860 18.537901 0.041998
3827.914950 18.541000 0.045269
3829.926830 18.374100 0.052939
3830.895130 18.389900 0.030150
3832.923770 18.433100 0.051535
3833.913760 18.502701 0.038916
3834.830710 18.483000 0.033877
3835.890040 18.480200 0.031733
3836.900220 18.433201 0.033784
3837.871410 18.419901 0.032013
3838.875540 18.420900 0.038169
3839.894550 18.477600 0.053032
3840.878540 18.480200 0.036862
3841.861900 18.486099 0.037795
3842.775790 18.420000 0.044895
3845.869360 18.544800 0.113465
3846.870220 18.433001 0.031081
3847.916720 18.539101 0.067169
3848.886130 18.499800 0.046298
3849.915030 18.462200 0.038075
3850.835090 18.468399 0.037982
3851.841570 18.516500 0.049477
3852.833560 18.441099 0.040877
3853.822760 18.432699 0.027267
3856.811420 18.452299 0.039569
3860.866850 18.367201 0.045269
3861.882130 18.441401 0.033597
3862.825720 18.479601 0.036862
3863.803520 18.584801 0.038822
3864.761890 18.462550 0.015685
3865.789820 18.399799 0.038075
3866.840560 18.450700 0.023899
3867.788600 18.492800 0.021674
3868.777070 18.445600 0.032605
3869.740750 18.428499 0.043961
3873.742800 18.543800 0.040317
3874.789650 18.488501 0.045830
3875.772980 18.450701 0.030895
3877.734680 18.491100 0.033411
3880.798610 18.468500 0.033970
3881.806540 18.406000 0.031454
3882.741530 18.456100 0.041251
3883.793490 18.480700 0.036489
3886.756790 18.434900 0.033317
3887.736670 18.537100 0.038636
3889.898370 18.514000 0.037142
3891.629970 18.497900 0.043961
3892.765660 18.426701 0.035649
3893.805610 18.571100 0.052190
3894.707673 18.515500 0.031666
3896.786940 18.599400 0.076162
3900.680670 18.535400 0.051816
3901.686180 18.489500 0.037142
3902.703770 18.492001 0.038075
3903.855410 18.443701 0.040410
3904.683480 18.465700 0.026895
3905.694270 18.522900 0.035182
3906.672130 18.452600 0.038355
3907.738100 18.525499 0.054810
3908.678040 18.434799 0.031174
3909.676130 18.453300 0.027545
3912.680170 18.454599 0.024389
3913.742013 18.448334 0.014447
3914.627085 18.499949 0.034035
3915.731810 18.434950 0.022347
3916.759050 18.505400 0.052658
3917.776240 18.383101 0.051161
3918.776520 18.535999 0.044241
3919.706670 18.464500 0.032199
3920.660310 18.478300 0.039943
3921.668840 18.456699 0.050132
3930.730510 18.508200 0.044428
3931.646660 18.524900 0.048074
3932.610470 18.493000 0.030243
3933.657980 18.457199 0.032106
3934.624370 18.448400 0.034530
3935.605430 18.516199 0.034157
3936.590520 18.585699 0.049384
3937.669250 18.388300 0.034157
3938.635460 18.432800 0.044241
3940.779510 18.520700 0.037422
3944.727800 18.555500 0.042278
3945.671840 18.451000 0.038916
3946.662650 18.528601 0.035182
3950.677900 18.493999 0.034903
3951.700310 18.445700 0.042185
3959.649630 18.482100 0.037982
3960.640660 18.417900 0.031826
3963.646030 18.517200 0.037235
3964.689240 18.427700 0.034063
3965.656980 18.408701 0.028847
3966.651430 18.516500 0.037795
3967.674930 18.580400 0.038542
3968.634470 18.415100 0.036115
3969.644910 18.523300 0.047887
3970.651670 18.505600 0.037982
3971.682950 18.502100 0.038542
3974.648740 18.364901 0.039850
3975.641290 18.487200 0.038542
3976.635250 18.430901 0.040317
3987.632570 18.446501 0.038729
3989.582850 18.527201 0.042933
3991.584290 18.504000 0.046765
3995.532070 18.489799 0.036769
4001.602400 18.486601 0.042652
4003.592430 18.502399 0.044521
4011.575790 18.504101 0.050974
4016.545620 18.438900 0.050693
4017.584470 18.705999 0.058554
4023.569400 18.493900 0.054155
4025.523930 18.508400 0.045737
4027.528660 18.327200 0.043306
4030.520730 18.604700 0.066139
4153.840550 18.481899 0.049851
4155.875340 18.504200 0.044241
4158.837050 18.412100 0.047887
4162.887810 18.527901 0.048729
4165.872130 18.509100 0.065951
4167.865100 18.481501 0.051723
4169.879460 18.461500 0.037329
4174.881460 18.484800 0.038449
4176.858810 18.463900 0.043213
4178.785110 18.462900 0.045269
4179.809990 18.534300 0.043026
4180.878550 18.462900 0.044148
4182.790960 18.485001 0.037889
4183.823850 18.514799 0.042092
4185.799670 18.458599 0.041438
4190.902530 18.547800 0.045456
4192.901840 18.500099 0.042559
4193.912870 18.453699 0.040877
4196.892520 18.459600 0.037142
4202.904120 18.416000 0.041811
4203.892290 18.434999 0.033224
4204.899110 18.478001 0.036769
4205.888600 18.446899 0.042652
4207.915640 18.446400 0.041064
4208.921300 18.433399 0.038449
4213.892810 18.506201 0.036675
4216.851450 18.422001 0.035929
4217.874370 18.476999 0.032292
4218.918070 18.446400 0.042092
4220.904930 18.477900 0.058929
4222.864960 18.435499 0.043587
4228.865890 18.425800 0.049945
4229.831800 18.447599 0.036862
4230.812480 18.432699 0.038355
4231.854820 18.484400 0.044802
4232.875710 18.463900 0.056869
4234.856692 18.452725 0.023446
4235.731100 18.440901 0.031814
4237.651140 18.523701 0.056682
4238.838780 18.454000 0.041718
4240.797372 18.467096 0.008823
4243.885120 18.419800 0.043680
4244.895820 18.421499 0.045456
4245.934900 18.438101 0.047420
4246.939230 18.455799 0.052658
4247.597610 18.560699 0.046017
4250.925510 18.502501 0.063048
4256.823900 18.421900 0.065858
4257.707780 18.436001 0.050600
4258.810000 18.502600 0.055840
4268.591010 18.496000 0.054155
4269.731420 18.498301 0.041344
4272.652660 18.426600 0.035649
4273.700080 18.441799 0.044054
4274.683940 18.502399 0.044802
4275.740770 18.427601 0.046859
4277.581580 18.412300 0.045737
4278.714940 18.457500 0.058461
4283.661870 18.453800 0.041905
4284.643190 18.442301 0.045550
4285.650150 18.487101 0.059678
4286.743860 18.442900 0.054249
4289.693660 18.517799 0.055934
4291.588040 18.454700 0.052284
4292.628530 18.444700 0.034530
4293.656930 18.460400 0.035649
4294.697520 18.510099 0.040877
4295.658160 18.429899 0.032945
4296.641010 18.443701 0.031174
4297.568210 18.438801 0.035742
4298.800380 18.482800 0.055372
4299.769920 18.436001 0.039009
4300.706040 18.501900 0.040410
4301.569160 18.511400 0.038916
4302.803130 18.548500 0.058648
4306.560180 18.475201 0.058648
4311.603390 18.557501 0.072227
4312.669950 18.451700 0.041998
4317.657060 18.440399 0.044054
4319.666050 18.561701 0.054530
4326.675150 18.455700 0.041998
4327.711080 18.414000 0.051255
4328.645840 18.523701 0.044148
4329.636340 18.469500 0.050974
4330.650460 18.442900 0.037889
4331.645890 18.450100 0.040970
4332.700520 18.466299 0.048729
4333.649680 18.426800 0.049197
4334.663150 18.620199 0.116746
4338.682770 18.533300 0.077192
4339.652700 18.467899 0.060240
4341.697330 18.527901 0.077942
4342.693810 18.451401 0.064266
4343.663620 18.400101 0.046672
4345.561070 18.471875 0.025995
4346.575090 18.457375 0.027524
4347.590200 18.449225 0.024680
4348.589714 18.445957 0.005699
4349.549468 18.423889 0.016246
4350.574130 18.429680 0.023246
4351.574765 18.454800 0.031567
4352.543770 18.541401 0.058929
4353.555935 18.455175 0.026241
4354.582832 18.474675 0.024690
4355.578445 18.485925 0.027928
4356.525450 18.453667 0.028821
4357.578463 18.484433 0.032849
4358.569747 18.487567 0.034377
4359.570657 18.481766 0.031163
4360.547040 18.395500 0.050506
4361.580770 18.463699 0.038679
4362.517230 18.359250 0.061250
4365.570405 18.455550 0.049065
4367.554390 18.499833 0.036924
4368.534155 18.451800 0.041168
4369.534700 18.429900 0.047843
4370.553837 18.436600 0.028197
4371.552943 18.480633 0.033488
4372.550433 18.416933 0.023875
4373.526270 18.451450 0.039375
4375.489980 18.445801 0.064547
4376.557100 18.487400 0.066513
4377.528535 18.416000 0.033622
4378.521100 18.462601 0.035196
4379.526405 18.404100 0.042970
4380.524485 18.393749 0.037622
4381.524565 18.431100 0.040394
4382.494120 18.494101 0.060333
4383.539265 18.453600 0.039681
4384.501110 18.477301 0.063517
4391.497490 18.468599 0.048729
4392.502790 18.522600 0.080097
4393.491380 18.360800 0.048261
4394.490260 18.450500 0.056214
4395.501240 18.412701 0.052284
4396.495760 18.478500 0.078223
4397.497270 18.442900 0.058648
4398.505180 18.468399 0.058180
4399.498150 18.448099 0.066326
4400.500390 18.458900 0.059678
4402.515140 18.454399 0.067918
4403.496670 18.638201 0.109996
4407.510940 18.497400 0.067918
4409.505530 18.418400 0.076911
4518.898010 18.282801 0.049103
4520.884520 18.233200 0.045269
4523.873290 18.208700 0.042839
4525.868010 18.157000 0.051161
4530.808560 18.100100 0.028196
4531.831770 18.113501 0.031267
4532.879520 18.176399 0.034157
4533.842270 18.124800 0.037049
4534.897870 18.165600 0.038262
4535.858390 18.142000 0.037982
4536.853300 18.101400 0.030522
4537.808290 18.082300 0.029871
4538.862990 18.109100 0.034250
4539.813080 18.072001 0.030802
4540.857190 18.070700 0.029312
4541.845010 18.089899 0.025131
4543.834710 18.063400 0.026430
4544.831530 18.002199 0.028382
4545.849160 18.004200 0.025595
4547.822930 18.017099 0.027638
4550.821900 17.975401 0.030429
4552.812030 17.955299 0.033504
4556.903770 17.911301 0.026802
4558.898840 17.860701 0.021612
4559.893850 17.834000 0.022999
4560.894010 17.811300 0.019950
4561.883060 17.796499 0.019213
4564.887210 17.722099 0.019674
4565.876820 17.685200 0.016370
4566.878050 17.718500 0.018570
4567.883630 17.676001 0.019029
4568.915840 17.614401 0.019029
4569.901890 17.595501 0.020688
4570.907500 17.584700 0.020780
4571.869070 17.578699 0.017285
4572.907690 17.526800 0.019674
4573.883470 17.501101 0.016096
4574.891250 17.504299 0.020042
4575.902480 17.472000 0.017651
4583.872720 17.267900 0.017560
4585.856450 17.256001 0.015002
4586.875230 17.218500 0.016096
4587.887080 17.224701 0.018386
4588.777360 17.235001 0.014276
4589.746690 17.242701 0.017468
4590.826340 17.243200 0.015002
4591.739200 17.270599 0.015731
4592.812680 17.270000 0.017743
4593.798180 17.266399 0.015457
4594.828810 17.284401 0.015548
4595.817290 17.347300 0.015731
4596.772950 17.349600 0.014367
4597.834820 17.359800 0.018202
4598.804300 17.400000 0.013914
4599.808540 17.437950 0.011190
4600.805940 17.455000 0.014276
4601.794520 17.517000 0.016096
4602.798170 17.513300 0.015184
4611.775600 17.761700 0.036862
4616.771650 17.882500 0.021427
4618.672140 17.946301 0.027638
4622.751600 18.019800 0.030150
4623.823940 18.000500 0.029499
4624.762720 17.999399 0.032479
4625.746290 18.054300 0.034996
4626.807760 18.063499 0.029964
4627.785280 18.034300 0.024203
4628.713950 18.030899 0.024296
4629.783320 18.086800 0.029685
4630.777350 18.198999 0.014936
4631.738370 18.133101 0.025224
4632.772160 18.034000 0.025873
4633.907610 18.105700 0.044708
4639.860340 18.081800 0.064266
4642.548160 18.134199 0.035929
4643.705230 18.195000 0.033690
4644.794730 18.163000 0.033317
4645.707360 18.276899 0.044802
4646.674300 18.198400 0.027081
4647.696300 18.161600 0.034996
4649.680880 18.241600 0.031081
4650.718870 18.253099 0.037702
4651.719450 18.305901 0.040410
4652.652010 18.269501 0.034903
4653.679460 18.275499 0.034063
4654.684290 18.272400 0.038729
4655.684920 18.291401 0.028847
4656.651330 18.262199 0.040410
4658.808600 18.214399 0.054062
4661.641660 18.338400 0.059022
4666.512210 18.277800 0.050319
4671.697280 18.313101 0.034903
4672.657100 18.375299 0.042372
4674.685060 18.395100 0.039476
4677.729180 18.412100 0.044802
4681.713110 18.297800 0.047046
4682.710730 18.363899 0.034809
4683.666780 18.386499 0.044428
4684.685550 18.431700 0.041718
4685.711330 18.414499 0.039102
4687.699580 18.393299 0.049103
4688.645520 18.349001 0.036769
4694.733440 18.311399 0.067918
4697.654360 18.358200 0.050506
4698.672500 18.403500 0.049758
4700.667710 18.417101 0.042372
4701.651020 18.468500 0.048074
4702.665480 18.364901 0.049010
4708.687080 18.405100 0.043213
4715.648170 18.570801 0.065951
4720.653860 18.444000 0.070541
4721.661640 18.493700 0.071009
4722.560105 18.439475 0.027816
4724.580550 18.411200 0.050226
4725.624780 18.344801 0.053313
4726.633600 18.445101 0.055934
4733.614050 18.588600 0.054717
4739.506780 18.414801 0.051535
4750.556110 18.530600 0.064734
4757.562990 18.422100 0.043119
4763.539320 18.474701 0.056776
4877.879420 18.468100 0.038542
4883.893300 18.458099 0.051161
4886.860010 18.405100 0.042185
4890.832500 18.570601 0.060708
4894.883520 18.574200 0.064640
4898.901140 18.481899 0.041157
4900.862250 18.536800 0.042092
4902.839460 18.458000 0.037982
4903.902180 18.496700 0.037702
4904.867670 18.461700 0.038916
4911.902860 18.458900 0.031547
4913.916310 18.522600 0.043961
4924.910600 18.519400 0.039383
4926.771980 18.422501 0.041531
4928.817360 18.591700 0.048168
4930.752830 18.482201 0.047046
4931.912800 18.470699 0.047420
4932.802800 18.490400 0.035462
4933.750420 18.468901 0.052471
4934.848700 18.439899 0.040784
4938.857170 18.450199 0.049477
4940.829930 18.472601 0.046017
4941.853680 18.478701 0.043119
4942.879740 18.492701 0.040036
4943.736340 18.419600 0.033224
4944.801190 18.430401 0.036209
4949.815680 18.461000 0.032665
4951.840660 18.446800 0.044428
4953.745170 18.515600 0.042933
