2117.789070 18.752199 0.084653
2125.485520 18.673401 0.107834
2129.574770 18.763800 0.071163
2132.519500 18.669600 0.065169
2135.645640 18.730499 0.055951
2140.614960 18.710699 0.064132
2158.546820 18.715401 0.066437
2167.502260 18.655300 0.064823
2172.517870 18.669100 0.083154
2175.529750 19.030800 0.147057
2185.546160 18.679300 0.079348
2205.527090 18.704500 0.150402
2329.879900 18.741501 0.055721
2346.872370 18.611700 0.048350
2352.826700 18.729601 0.091802
2361.821030 18.672400 0.072316
2371.881740 18.748899 0.061251
2381.900290 18.692301 0.052380
2385.910100 18.796499 0.059292
2389.921030 18.854099 0.069664
2397.867200 18.684799 0.059983
2401.727210 18.752100 0.060675
2403.785950 18.749701 0.050768
2405.747680 18.771799 0.069203
2415.820900 18.642000 0.066668
2424.699610 18.765699 0.060214
2428.663140 18.558300 0.066437
2432.721230 18.725000 0.096646
2433.917180 18.906300 0.125714
2434.590920 18.720699 0.078541
2436.644180 18.795200 0.064478
2438.659820 18.781900 0.072662
2440.652510 18.763599 0.074852
2444.774290 18.757200 0.068166
2446.785890 18.757099 0.073814
2453.759040 18.861401 0.075774
2456.520250 18.532600 0.073469
2458.634870 18.666300 0.056873
2462.589020 18.755100 0.050998
2464.658110 18.792500 0.056642
2467.564700 18.669500 0.058601
2469.551950 18.716299 0.050768
2471.686940 18.703199 0.044782
2473.539980 18.553699 0.064478
2483.620590 18.785801 0.065976
2486.603690 18.799500 0.082692
2490.570680 18.684299 0.068051
2493.528890 18.625601 0.060214
2495.605040 18.741699 0.062634
2497.659400 18.770901 0.062403
2499.707340 18.758801 0.051804
2501.725200 18.881701 0.065745
2508.542060 18.900101 0.084422
2518.640000 18.831499 0.073699
2521.654760 18.709101 0.073930
2524.493760 18.630501 0.062864
2529.617940 18.864599 0.082808
2537.562010 18.788099 0.096877
2541.530250 18.841999 0.071394
2546.596070 18.685499 0.071624
2562.557790 18.714300 0.094570
2704.898590 18.659201 0.048120
2713.880500 18.635500 0.058946
2728.822310 18.713699 0.067244
2733.795100 18.670900 0.071394
2744.778630 18.725100 0.053532
2752.842270 18.812201 0.086382
2756.821660 18.662500 0.063325
2760.786850 18.808399 0.076927
2766.814600 18.707399 0.052380
2770.700910 18.661301 0.065745
2782.939020 18.620701 0.102298
2784.917480 18.776100 0.064478
2785.895750 18.896000 0.093878
2786.781850 18.805700 0.069549
2787.700133 18.745750 0.037850
2788.682415 18.747650 0.044881
2789.703907 18.719334 0.036575
2790.800435 18.794700 0.045283
2791.765110 18.684401 0.066552
2792.670790 18.747200 0.066206
2793.589330 18.338400 0.077850
2795.607610 18.690100 0.058601
2797.595720 18.690800 0.056642
2802.802820 18.750799 0.082692
2808.829600 18.776501 0.091341
2810.751250 18.723000 0.059062
2811.806840 18.817801 0.069664
2813.603210 18.667900 0.065745
2815.723880 18.735500 0.057909
2817.677520 18.687700 0.091456
2818.740040 18.700701 0.061020
2820.608490 18.743000 0.068627
2821.636710 18.600500 0.053993
2826.602470 18.743999 0.067820
2830.705170 18.704201 0.140250
2835.600110 18.702700 0.099068
2837.515540 18.632700 0.090649
2839.548960 18.527500 0.079925
2840.706350 18.922100 0.071970
2843.485480 18.430099 0.064247
2844.766710 18.894100 0.076351
2849.680760 18.718500 0.068051
2851.701870 18.669600 0.080156
2853.703770 18.648500 0.061597
2856.587990 18.676600 0.065169
2858.554130 18.845301 0.068512
2860.705160 18.871599 0.112563
2863.627700 18.778299 0.084422
2866.716510 18.771500 0.078541
2869.610010 18.666401 0.056988
2872.631240 18.851000 0.053071
2877.570910 18.678101 0.063786
2882.633960 18.763901 0.048580
2892.523770 18.732100 0.068973
2900.535640 18.656500 0.072085
2905.589550 18.593599 0.078311
2911.505420 18.775999 0.105297
2916.573840 18.943600 0.085344
2929.534090 18.621500 0.101144
3050.848430 18.775200 0.078426
3061.878140 18.679100 0.064478
3067.814530 18.831400 0.070471
3069.888230 18.735901 0.056066
3072.853050 18.686001 0.052726
3074.892540 18.788099 0.059177
3079.799440 18.715700 0.063786
3081.903430 18.753700 0.069203
3084.759070 18.673201 0.055375
3086.753920 18.727501 0.053532
3087.858190 18.752199 0.056873
3089.774810 18.783899 0.065169
3091.736810 18.662500 0.061251
3096.763760 18.669399 0.065630
3098.768180 18.763100 0.059983
3100.884410 18.783300 0.058140
3102.763700 18.735201 0.066437
3103.916870 18.717400 0.077273
3107.763630 18.673500 0.052841
3108.833740 18.686899 0.050192
3109.903370 18.697100 0.052726
3110.752920 18.745600 0.062058
3111.810440 18.886700 0.071855
3113.789630 18.786200 0.050998
3114.727930 18.736601 0.051344
3115.789860 18.809099 0.054108
3118.846510 18.721201 0.067244
3122.796860 18.715401 0.073699
3125.774330 18.709400 0.086613
3126.784520 18.721300 0.051804
3127.714240 18.682400 0.054914
3128.733840 18.738300 0.065745
3129.716680 18.710699 0.067935
3130.888120 18.681499 0.074391
3134.686940 18.705099 0.116024
3137.733170 18.382200 0.071970
3138.840690 18.882900 0.064017
3139.776510 18.726299 0.053647
3140.788680 18.832199 0.055029
3142.775375 18.792250 0.046836
3144.710910 18.767300 0.056757
3146.697380 18.641300 0.061366
3151.667760 18.853600 0.096300
3152.779375 18.711550 0.049202
3153.675820 18.688900 0.070010
3154.618510 18.544399 0.085229
3156.666980 18.736700 0.066437
3158.751690 18.739000 0.085344
3162.722460 18.753500 0.085575
3163.686280 18.758400 0.059062
3164.653560 18.571100 0.048465
3165.821560 18.666901 0.042365
3167.868820 18.735399 0.072777
3168.669730 18.692499 0.063440
3169.638660 18.754601 0.054223
3170.711710 18.725000 0.058370
3171.666670 18.754999 0.049501
3172.646490 18.762199 0.053186
3174.630910 18.774700 0.049962
3175.632710 18.834900 0.060444
3176.666860 18.778400 0.074737
3178.695310 18.694201 0.065515
3179.725530 18.723101 0.056297
3180.620870 18.764601 0.042595
3182.686550 18.761900 0.056066
3183.655640 18.774599 0.066668
3184.606470 18.760099 0.048465
3185.771780 18.700199 0.058716
3192.752320 18.787800 0.089035
3193.789990 18.792900 0.075198
3194.656230 18.635201 0.071855
3195.587410 18.770901 0.057909
3196.663400 18.692499 0.059753
3197.666300 18.701401 0.064708
3199.697940 18.714100 0.055721
3202.685700 18.740999 0.068512
3203.730900 18.831400 0.054338
3205.605000 18.684099 0.040985
3206.582070 18.749901 0.048005
3210.693140 18.858700 0.076466
3211.598120 18.792700 0.062519
3212.583660 18.657200 0.084422
3217.572910 18.705999 0.091226
3218.572120 18.791901 0.083038
3223.568400 18.722601 0.092610
3224.577260 18.754999 0.054569
3226.532360 18.751400 0.071624
3228.661580 18.770000 0.072085
3229.545480 18.843399 0.057794
3230.584330 18.777800 0.052150
3231.485280 18.795900 0.071624
3238.710010 18.834101 0.112217
3240.693900 18.733900 0.096877
3241.578220 18.562000 0.100798
3244.675650 18.914801 0.114986
3246.562240 18.568399 0.087420
3247.690290 18.816000 0.127675
3248.587040 18.851500 0.086036
3250.574300 18.737900 0.069088
3253.566130 18.758900 0.060329
3259.542400 18.773001 0.092725
3262.554000 18.922300 0.078080
3266.567620 18.850401 0.097569
3268.632830 18.781099 0.081309
3271.494280 18.949499 0.214092
3274.547070 18.748800 0.082000
3278.497420 18.814899 0.080501
3281.519640 18.768900 0.075544
3287.530100 18.743900 0.068281
3292.518860 18.978800 0.079348
3414.882300 18.664301 0.058140
3419.889650 18.672800 0.054108
3424.886580 18.773701 0.057218
3428.828290 18.734699 0.078657
3430.871590 18.668501 0.048926
3442.807910 18.669701 0.064823
3444.862020 18.589701 0.054338
3446.890680 18.644800 0.054108
3449.780410 18.506901 0.052380
3452.805310 18.641899 0.052611
3454.862530 18.828400 0.075083
3456.850380 18.716900 0.045587
3457.780180 18.736300 0.045053
3458.835670 18.689320 0.024828
3459.833875 18.732149 0.051365
3467.848620 18.689199 0.060675
3469.754300 18.674900 0.049271
3471.844210 18.568899 0.074967
3472.911540 18.721399 0.051804
3473.748890 18.825300 0.072431
3475.772060 18.652500 0.052265
3477.859190 18.660101 0.055951
3479.808430 18.716600 0.043976
3481.707840 18.674101 0.056988
3483.867420 18.687201 0.054799
3496.830750 18.730101 0.067244
3497.704830 18.586201 0.071739
3500.768940 18.748301 0.056181
3501.762640 18.727600 0.048926
3502.793360 18.746401 0.045242
3503.754910 18.762400 0.052150
3504.771320 18.658300 0.053071
3506.906080 18.661400 0.070125
3508.858880 18.814301 0.079233
3509.806200 18.697001 0.047889
3510.818070 18.655001 0.053647
3511.770210 18.801800 0.056988
3512.643430 18.603201 0.076351
3517.927010 18.656300 0.064478
3520.634690 18.530800 0.062980
3521.740440 18.751200 0.050768
3522.651990 18.729900 0.049732
3523.692110 18.732401 0.052956
3524.735220 18.965900 0.079348
3525.751320 18.767550 0.037421
3526.799250 18.841999 0.057679
3527.889680 19.015301 0.108757
3528.751360 18.708599 0.050653
3529.876200 18.796000 0.057564
3530.574230 18.681700 0.062288
3538.820820 18.621901 0.061251
3539.600790 18.758301 0.077273
3541.860960 19.089399 0.082116
3547.679860 18.675301 0.074160
3550.766920 18.809601 0.046853
3551.741980 18.587799 0.039605
3552.764020 18.671499 0.061136
3553.663330 18.679600 0.066668
3554.740370 18.707399 0.059177
3556.626910 18.789000 0.059638
3558.643590 18.668501 0.049156
3559.723790 18.780500 0.055490
3560.798310 18.747499 0.056757
3561.650690 18.806299 0.051804
3562.505770 18.679899 0.053071
3563.559630 18.714800 0.054569
3564.646970 18.804701 0.061827
3569.745200 18.613501 0.060444
3573.557150 18.632401 0.072546
3574.612120 18.812599 0.065400
3575.600790 18.799000 0.052611
3576.575510 18.714399 0.054223
3577.641060 18.785200 0.060099
3578.587740 18.740999 0.049616
3579.516250 18.657000 0.044666
3580.554980 18.724600 0.057449
3581.595280 18.789200 0.063671
3582.543350 18.793699 0.061020
3583.493110 18.797300 0.069203
3584.569010 18.841600 0.054799
3585.559760 18.872200 0.056642
3586.540810 18.685600 0.052265
3587.693030 18.628099 0.073353
3589.598380 18.721399 0.037535
3590.566870 18.667101 0.048695
3592.582790 18.744101 0.040985
3593.588070 18.696501 0.043286
3601.550300 18.838100 0.054338
3602.549620 18.797501 0.074621
3603.555840 18.727100 0.066898
3607.556350 18.711500 0.050077
3608.553400 18.562201 0.077504
3615.674420 18.730700 0.079694
3619.523630 18.758699 0.060790
3620.632040 18.806700 0.054684
3629.562860 18.934299 0.082462
3632.485850 18.712601 0.089381
3634.543900 18.832399 0.062403
3640.488830 18.770901 0.089035
3643.540300 18.873301 0.107603
3646.571200 19.054001 0.130905
3649.486690 18.777901 0.095262
3653.566410 18.723000 0.114870
3658.502710 18.832701 0.100568
3661.498550 18.711500 0.099068
3666.509930 18.797701 0.076235
3774.878990 18.223801 0.035122
3780.858760 18.141001 0.045012
3786.849690 17.913200 0.036845
3790.850290 17.833700 0.034432
3793.840330 17.817101 0.028236
3795.830980 17.806700 0.031332
3797.825170 17.818501 0.027090
3798.873380 17.819700 0.024915
3801.795740 17.764999 0.028121
3803.785950 17.785101 0.025830
3804.828750 17.810801 0.031677
3805.866160 17.783400 0.025029
3806.862900 17.822701 0.026861
3808.835890 17.907000 0.028809
3809.839590 17.911600 0.028350
3810.887640 17.881800 0.028694
3811.914830 17.883400 0.038225
3813.900460 17.850300 0.026403
3814.898020 17.879900 0.025716
3818.807920 17.893999 0.030529
3819.871570 17.913500 0.023886
3820.835290 17.937799 0.025029
3821.839490 17.948799 0.024915
3822.889850 17.862400 0.024458
3823.853820 17.951799 0.024801
3824.851450 17.984200 0.037190
3825.873300 17.963400 0.031447
3826.851150 17.829800 0.027319
3827.874090 17.902700 0.024572
3828.849540 17.899700 0.031677
3829.827780 17.892900 0.024801
3830.823040 17.902201 0.026517
3832.829885 17.871250 0.017581
3833.723030 17.800200 0.025144
3834.860320 17.821899 0.024686
3835.810790 17.777300 0.021603
3836.815650 17.783800 0.026975
3837.805710 17.778200 0.028236
3838.809870 17.693600 0.030300
3839.821990 17.682600 0.026059
3840.812970 17.700001 0.025029
3841.791150 17.655399 0.023086
3845.792440 17.448099 0.025144
3846.796400 17.464701 0.020235
3847.876790 17.396500 0.019097
3848.820180 17.289600 0.016151
3849.831750 17.249701 0.015361
3850.766200 17.116699 0.014573
3851.776080 17.055799 0.017622
3852.764650 16.943701 0.013899
3853.757330 16.752300 0.009479
3856.746230 16.011801 0.007463
3858.806390 15.903800 0.008089
3859.775250 16.194750 0.005985
3860.896580 16.543600 0.011781
3861.738470 16.741100 0.012893
3862.755730 16.938400 0.012225
3863.767440 17.092600 0.013451
3864.756640 17.220501 0.014685
3865.647510 17.366699 0.021489
3866.651630 17.438900 0.021489
3867.794950 17.503401 0.020919
3868.650680 17.565701 0.031447
3869.807550 17.695601 0.034777
3873.632710 17.903200 0.029956
3874.854670 17.945601 0.030529
3875.622810 17.947800 0.027319
3877.618080 17.921000 0.027204
3880.729180 18.092300 0.029497
3881.728940 18.225201 0.032710
3882.663990 18.192900 0.032825
3883.716540 17.983101 0.027777
3886.678180 18.341600 0.034317
3887.670890 18.307899 0.034317
3889.825650 18.329901 0.043286
3890.616260 18.282400 0.042710
3891.748990 18.380301 0.047429
3892.808000 18.320601 0.041445
3893.705940 18.376499 0.063325
3894.747590 18.394100 0.043631
3896.695900 18.347401 0.048350
3900.603780 18.538700 0.054108
3901.620410 18.391701 0.053993
3902.635020 18.473200 0.042365
3903.737210 18.519100 0.048465
3904.618070 18.422300 0.036271
3905.618290 18.493401 0.036156
3906.606420 18.455999 0.046738
3907.667630 18.378799 0.053417
3908.602960 18.541800 0.040640
3909.602380 18.518499 0.042710
3910.663550 18.576700 0.048120
3912.675645 18.616751 0.025410
3913.601390 18.492001 0.035466
3914.619430 18.476900 0.042365
3915.599250 18.556299 0.045472
3916.675100 18.440201 0.038455
3917.690880 18.571501 0.048465
3918.693510 18.538300 0.041675
3919.630690 18.500299 0.053302
3920.721450 18.636350 0.038111
3921.594750 18.562500 0.081078
3930.644870 18.604300 0.057333
3931.649630 18.612450 0.043013
3932.671360 18.635599 0.054453
3933.584980 18.714001 0.046738
3934.555670 18.577299 0.044206
3935.633860 18.588699 0.049041
3936.556170 18.760000 0.058486
3937.631800 18.597700 0.050307
3938.564850 18.704901 0.065976
3940.705100 18.646999 0.043171
3944.646610 18.642900 0.049501
3945.586250 18.587999 0.051689
3946.583500 18.770700 0.076235
3950.595830 18.679199 0.051574
3951.624370 18.631399 0.059292
3956.632490 18.767099 0.085460
3957.570300 18.656300 0.079464
3958.650730 18.686001 0.064939
3959.582750 18.608999 0.059523
3960.570980 18.664801 0.043286
3963.612340 18.744699 0.052380
3964.595400 18.589300 0.045587
3965.588950 18.680500 0.047084
3966.576890 18.700399 0.051229
3967.609280 18.817499 0.066322
3968.563320 18.889000 0.071163
3969.570870 18.634300 0.044782
3970.584020 18.627501 0.062403
3971.615740 18.679501 0.070010
3973.645440 18.715300 0.061597
3974.581210 18.651501 0.074391
3975.572800 18.669800 0.050077
3976.570330 18.658001 0.049156
3979.589120 18.698700 0.087881
3982.521660 18.696199 0.081424
3986.646950 18.793699 0.092610
3987.566900 18.749001 0.059062
3988.584170 18.696501 0.041790
3989.649580 18.790400 0.090188
3991.542660 18.655600 0.063325
3994.611220 18.645500 0.066898
3995.638820 18.873699 0.068858
3999.545240 18.685900 0.071278
4001.568690 18.790501 0.059292
4002.569590 18.766701 0.052841
4004.588310 18.832600 0.104258
4005.603780 18.712200 0.059868
4006.589390 18.732100 0.054799
4011.506480 18.784599 0.081770
4015.533060 18.764200 0.093302
4017.507720 18.632200 0.053993
4019.511930 18.835199 0.076005
4021.517900 18.731899 0.091918
4024.547510 18.760099 0.073699
4026.543080 18.620100 0.056412
4029.495190 18.764900 0.099414
4146.888930 18.530899 0.074276
4154.883790 18.703600 0.059983
4157.852000 18.610500 0.057218
4159.870830 18.656601 0.073123
4162.817260 18.492100 0.075890
4164.857970 18.646099 0.059292
4166.873810 18.646099 0.088919
4168.913230 18.714001 0.096761
4174.795860 18.589899 0.074276
4176.788860 18.680300 0.069203
4177.842600 18.751101 0.062980
4178.885350 18.727400 0.062749
4180.768850 18.644800 0.081193
4181.867860 18.684000 0.053417
4182.920070 18.703199 0.070471
4184.802770 18.671600 0.062173
4187.885050 18.607599 0.075544
4190.813870 18.703501 0.067590
4191.914000 18.567499 0.068166
4192.832590 18.720100 0.077388
4193.843520 18.740801 0.067705
4194.865160 18.695601 0.067935
4196.853620 18.848801 0.074160
4202.834930 18.721901 0.052956
4203.823070 18.771700 0.054569
4204.818520 18.654800 0.050307
4205.813600 18.675501 0.055145
4207.815700 18.721701 0.050307
4208.839200 18.620701 0.053417
4213.814400 18.708099 0.047889
4215.820650 18.754601 0.061827
4216.778420 18.741501 0.068742
4217.786230 18.758801 0.048005
4218.841170 18.664801 0.070932
4219.871310 18.687799 0.068166
4220.808300 18.688700 0.059177
4222.774110 18.683201 0.073007
4224.890530 18.602200 0.067820
4228.771290 18.713600 0.065054
4229.756000 18.689100 0.068396
4230.739790 18.593100 0.060675
4231.742170 18.704000 0.067013
4232.753640 18.715099 0.068051
4234.648610 18.556499 0.063325
4235.715390 18.702801 0.052726
4238.765350 18.714800 0.076466
4239.744480 18.605200 0.060099
4240.888180 18.757900 0.073814
4243.784050 18.798000 0.069319
4244.759180 18.650700 0.059407
4245.749980 18.682699 0.049501
4246.807690 18.721399 0.062519
4250.833040 18.738100 0.082346
4256.669960 18.756300 0.082000
4258.679590 18.632099 0.063901
4267.644840 18.725300 0.068166
4268.813450 18.785101 0.060444
4269.623310 18.675301 0.048465
4272.673890 18.751200 0.055145
4273.723010 18.785000 0.066206
4274.519650 18.527500 0.083499
4275.674450 18.690800 0.063671
4277.631870 18.662300 0.062980
4278.647810 18.691200 0.076812
4283.593110 18.739401 0.074160
4284.577110 18.802000 0.074852
4285.580470 18.692801 0.079579
4286.580010 18.675800 0.064593
4289.614870 18.664900 0.080501
4290.646310 18.545799 0.071970
4291.701130 18.747000 0.071048
4292.562530 18.655899 0.050883
4293.568760 18.576000 0.045702
4294.561670 18.781099 0.061020
4295.583520 18.662100 0.055721
4296.570440 18.677200 0.060099
4297.633140 18.750200 0.053302
4298.608490 18.730400 0.064823
4299.578850 18.691799 0.047544
4300.477320 18.477501 0.061020
4301.657580 18.783001 0.056988
4302.639870 18.603300 0.059407
4303.773360 18.649099 0.076120
4304.604690 18.666500 0.083038
4306.605610 18.728399 0.076351
4310.706390 18.805000 0.102413
4312.600380 18.706100 0.063210
4315.610680 18.702400 0.064132
4316.631760 18.623600 0.062980
4317.530180 18.719400 0.065515
4319.593290 18.698400 0.060560
4320.686200 18.735399 0.073007
4326.609100 18.730700 0.056412
4327.634010 18.614799 0.070587
4328.576250 18.706900 0.050998
4329.569010 18.587500 0.067820
4330.611160 18.668400 0.060790
4331.575850 18.705700 0.070241
4332.646880 18.778601 0.060790
4333.576550 18.633200 0.066206
4334.543970 18.690901 0.139788
4338.607000 18.715200 0.078887
4339.576090 18.797701 0.068166
4340.673170 18.684999 0.075774
4341.578070 18.746599 0.084998
4342.614360 18.816200 0.075198
4343.593650 18.744101 0.058025
4344.638830 18.702499 0.071509
4345.593470 18.826799 0.071278
4346.595490 18.753500 0.078772
4347.609400 18.731300 0.077619
4349.581290 18.796600 0.059407
4350.643080 18.735100 0.064939
4351.583360 18.633200 0.068858
4353.603220 18.680201 0.079118
4354.622730 18.761400 0.072662
4355.635650 18.644199 0.078426
4356.587350 18.797199 0.085344
4358.609840 18.669901 0.089496
4359.628950 18.773399 0.088804
4361.629650 18.738600 0.106219
4368.578670 18.754101 0.087997
4371.594630 18.813200 0.085921
4373.591250 18.681900 0.071278
4378.567160 18.692801 0.082577
4381.570380 18.776199 0.114640
4392.519430 18.845501 0.091226
4393.497590 18.775700 0.076005
4394.505710 18.751301 0.070932
4506.858160 18.652901 0.087766
4512.872680 18.747700 0.054453
4514.890980 18.686701 0.061251
4518.875180 18.559900 0.079003
4524.854860 18.647400 0.066437
4530.842900 18.748301 0.052035
4533.880220 18.726200 0.066668
4535.901380 18.638700 0.067013
4537.831030 18.752501 0.056642
4539.774290 18.556299 0.068742
4540.901950 18.705999 0.052380
4541.898680 18.668100 0.049156
4542.862080 18.721100 0.063210
4543.888190 18.674999 0.052956
4544.885800 18.694401 0.053071
4545.810390 18.729200 0.068051
4546.863540 18.746500 0.084076
4547.879700 18.673599 0.059638
4550.879450 18.826401 0.069434
4551.861160 18.714001 0.090188
4552.865780 18.711300 0.065169
4556.833710 18.725100 0.056297
4557.860030 18.694099 0.056642
4558.856500 18.705900 0.057449
4559.824150 18.633499 0.059177
4560.824430 18.647699 0.045587
4561.813350 18.724899 0.044782
4564.817660 18.789700 0.049501
4565.806600 18.704201 0.041790
4566.808610 18.725300 0.046623
4567.809000 18.674999 0.046853
4568.831370 18.787500 0.055605
4569.825240 18.663200 0.057794
4570.815900 18.706800 0.061942
4571.799600 18.562099 0.056297
4572.837510 18.712799 0.057449
4573.813170 18.802000 0.055605
4574.815300 18.699200 0.069319
4575.824090 18.767700 0.069088
4583.683900 18.757401 0.102298
4585.888300 18.840401 0.078426
4586.836200 18.830601 0.068166
4587.816810 18.814899 0.069088
4588.799840 18.687300 0.051574
4589.641970 18.512501 0.059868
4590.750110 18.623199 0.062288
4591.634290 18.666700 0.075774
4592.743220 18.749201 0.060444
4593.728500 18.740200 0.065630
4594.757070 18.830000 0.068858
4595.744800 18.700100 0.065169
4596.734000 18.771099 0.058946
4597.765210 18.686800 0.061251
4598.734610 18.720800 0.046623
4599.710370 18.681700 0.057449
4600.719520 18.701500 0.042595
4601.724160 18.709499 0.050653
4602.718290 18.746201 0.051920
4603.941730 18.743700 0.095493
4606.732090 18.682800 0.057103
4610.825950 18.694500 0.080501
4611.799100 18.725950 0.048712
4615.882460 18.634399 0.081539
4616.687840 18.723301 0.057564
4617.799610 18.809299 0.090764
4618.728630 18.676901 0.056297
4622.669940 18.813200 0.072892
4623.749780 18.684500 0.064132
4624.685220 18.699100 0.065515
4625.670290 18.729401 0.078657
4626.720350 18.584200 0.057679
4627.643450 18.713100 0.050538
4628.643730 18.711000 0.065054
4629.708920 18.727800 0.061251
4630.645750 18.642099 0.063440
4631.667260 18.739100 0.048120
4632.665110 18.783800 0.055490
4633.724160 18.749500 0.062749
4639.769640 18.751301 0.078426
4640.669620 18.928101 0.075774
4641.826160 18.687599 0.085921
4642.668010 18.723400 0.063786
4643.634020 18.583799 0.056297
4644.701100 18.761299 0.071278
4645.623720 18.664499 0.054684
4646.604370 18.758600 0.050192
4647.614750 18.730600 0.055260
4649.608890 18.617399 0.051344
4650.637220 18.655100 0.054799
4651.652160 18.709101 0.061597
4652.581260 18.709801 0.061136
4653.575200 18.774099 0.076697
4654.614300 18.787100 0.061136
4655.578580 18.595600 0.059407
4656.576920 18.657900 0.054569
4658.739000 18.761900 0.079003
4660.688520 18.763300 0.065976
4661.636260 18.753033 0.042875
4665.732880 18.726801 0.083384
4666.638310 18.631901 0.060444
4670.703050 18.671301 0.063210
4671.627780 18.715401 0.055145
4672.587400 18.709700 0.057679
4674.593830 18.707300 0.078080
4677.566370 18.652100 0.058370
4681.581740 18.723801 0.060214
4682.599200 18.417700 0.050077
4683.596190 18.618999 0.072085
4684.614180 18.634800 0.058946
4685.581920 18.869600 0.073123
4686.710730 18.747900 0.072431
4687.629120 18.560400 0.057679
4688.572830 18.526800 0.078311
4694.650560 18.590200 0.097107
4697.576550 18.708599 0.067244
4698.602770 18.711800 0.060099
4700.597850 18.763100 0.065054
4701.580700 18.718700 0.082808
4702.595650 18.672800 0.058370
4703.662930 18.620800 0.067705
4708.596430 18.791100 0.074045
4710.631630 18.734400 0.064247
4716.668350 18.737101 0.109334
4720.613890 18.760201 0.087997
4721.582740 18.822901 0.099414
4724.594790 18.629000 0.078541
4726.574010 18.629200 0.088227
4731.623590 18.746500 0.077043
4738.499470 18.794701 0.084537
4740.603660 18.752001 0.093186
4748.568380 18.699301 0.091572
4754.543910 18.526100 0.077504
4755.522220 18.779800 0.088919
4759.512570 18.625200 0.085690
4768.511040 18.792601 0.120177
4769.504460 18.904301 0.134020
4771.523680 18.623600 0.114870
4773.514300 18.797199 0.088112
4774.499590 18.701300 0.131943
4875.851650 18.644400 0.076927
4878.881890 18.802500 0.064708
4885.863600 18.645901 0.062288
4887.901920 18.981199 0.117293
4892.810980 18.671000 0.083615
4897.889710 18.771200 0.061597
4900.907480 18.808201 0.075428
4903.832280 18.727100 0.058140
4904.890490 18.769699 0.066091
4906.882000 18.750900 0.066322
4910.888530 18.838499 0.068512
4912.875040 18.810499 0.048235
4914.856420 18.733601 0.053417
4925.789770 18.785500 0.047544
4927.843600 18.644300 0.062864
4929.812320 18.689301 0.062980
4930.845700 18.785900 0.072892
4931.789520 18.796600 0.079118
4932.744740 18.628099 0.063786
4933.793050 18.782700 0.066206
4938.768070 18.734600 0.059062
4939.793390 18.534300 0.056988
4941.747510 18.572800 0.058025
4942.788300 18.718500 0.050653
4943.780830 18.599701 0.053993
4945.868500 18.737801 0.056297
4950.793460 18.750401 0.066206
4952.820420 18.793100 0.064132
4953.785040 18.669701 0.057218
4954.746890 18.679100 0.052726
4955.742720 18.863800 0.083961
