2127.492640 18.205601 0.066783
2130.525480 18.331800 0.051618
2133.539590 18.230700 0.048874
2136.660800 18.311899 0.066350
2141.651570 18.400400 0.080796
2165.574030 18.455099 0.079206
2171.641070 18.321699 0.065050
2179.531420 18.373400 0.079062
2189.526420 18.354300 0.083829
2214.508810 18.492901 0.118215
2337.838550 18.311300 0.055950
2352.856040 18.277500 0.057828
2361.850510 18.377300 0.072706
2373.805310 18.333500 0.064905
2384.841150 18.308701 0.048008
2388.840470 18.322599 0.053062
2390.878770 18.359699 0.074873
2393.872680 18.441099 0.094231
2400.820050 18.347900 0.052484
2402.926760 18.383499 0.076606
2406.869510 18.351200 0.070395
2411.727560 18.255699 0.052918
2415.902810 18.400999 0.073139
2417.873610 18.337200 0.058839
2425.905470 18.121500 0.100444
2428.883650 18.435801 0.092209
2434.800220 18.347300 0.053206
2436.848920 18.265100 0.067794
2438.830280 18.309401 0.059706
2441.785110 18.333000 0.054362
2445.701480 18.336700 0.050029
2448.738520 18.486099 0.132808
2454.759370 18.239401 0.060572
2460.732470 18.433701 0.085996
2463.612090 18.339701 0.049596
2466.586080 18.283100 0.048008
2468.773600 18.284401 0.059272
2470.757550 18.356899 0.059995
2472.790140 18.436300 0.066350
2481.630020 18.325399 0.081518
2484.692210 18.272699 0.069817
2493.712700 18.554501 0.085274
2496.558670 18.309601 0.043532
2498.596760 18.292000 0.040356
2500.622910 18.299601 0.049019
2502.641080 18.366400 0.063461
2510.538230 18.409401 0.061439
2516.501440 18.306601 0.062017
2517.548320 18.345900 0.078918
2520.657060 18.412399 0.060283
2529.523560 18.317400 0.055228
2538.572820 18.268600 0.071406
2542.561770 18.344801 0.072561
2548.526990 18.396200 0.072417
2552.563610 18.408001 0.076751
2557.528590 18.291300 0.061583
2561.524540 18.284000 0.084841
2568.559050 18.392099 0.107668
2708.876640 18.337200 0.056961
2719.882820 18.298201 0.053495
2729.908360 18.322100 0.062739
2734.881910 18.322701 0.055373
2747.766270 18.275900 0.084985
2754.776300 18.301001 0.054217
2757.841340 18.348700 0.067650
2763.794450 18.227699 0.053495
2767.886750 18.260500 0.082963
2775.792190 18.336300 0.102177
2776.747120 18.375299 0.163150
2783.881240 18.342699 0.052629
2788.627060 18.266300 0.055662
2790.773420 18.260000 0.059272
2793.700350 17.835100 0.042954
2795.660080 18.205799 0.044109
2797.671190 18.253700 0.042377
2809.791290 18.259600 0.065628
2811.711740 18.267799 0.066350
2812.841010 18.215500 0.053784
2813.884770 18.235500 0.063317
2815.865520 18.226400 0.063894
2817.763990 18.273001 0.057250
2819.674390 18.222601 0.048441
2830.695830 18.394100 0.097699
2835.705310 18.182400 0.057395
2837.721050 18.267850 0.065156
2839.775520 18.257799 0.070395
2841.796660 18.130800 0.051618
2843.723940 18.081699 0.050174
2845.713600 18.171900 0.048585
2850.609650 18.170900 0.044976
2852.620980 18.144199 0.065628
2854.614470 18.146299 0.069383
2857.524730 18.118200 0.049885
2858.737010 18.066000 0.048441
2862.648050 18.158800 0.065772
2865.628200 18.098499 0.045264
2868.624470 18.073400 0.041077
2871.705140 18.161900 0.047141
2876.706160 18.118799 0.055806
2879.671490 18.031700 0.053206
2893.579120 18.010000 0.041655
2900.520690 18.025499 0.058550
2902.538290 18.027349 0.044535
2911.531590 18.050400 0.044219
2915.501140 18.033899 0.066350
2916.538070 17.923000 0.046275
2918.514390 17.984200 0.067506
2920.535900 17.933701 0.064761
2923.532610 17.900999 0.043243
2925.519870 17.930201 0.049019
2928.533550 17.851700 0.042232
2941.532930 17.815901 0.052196
2943.517560 17.904301 0.084263
2945.521050 17.847401 0.065050
2947.504180 17.888100 0.066350
3052.885280 16.902500 0.016715
3059.871270 17.115999 0.019734
3064.882600 17.248899 0.021030
3068.835660 17.325899 0.023478
3071.888230 17.371000 0.027370
3073.897380 17.411501 0.023190
3077.787520 17.504601 0.077184
3080.836660 17.523701 0.028668
3083.782140 17.590799 0.026793
3085.894780 17.631599 0.026649
3087.829410 17.680300 0.029821
3089.846160 17.625999 0.024343
3091.847160 17.670200 0.029533
3097.829770 17.765800 0.031264
3099.855790 17.783400 0.036314
3101.825080 17.840300 0.042521
3102.857440 17.816200 0.037613
3104.773040 17.866301 0.072561
3106.919610 17.856600 0.044542
3108.809780 17.875500 0.031697
3109.923710 17.796600 0.038190
3110.899600 17.905001 0.038335
3112.856580 17.844200 0.035881
3114.851590 17.957899 0.038190
3116.839170 17.968100 0.044542
3122.845710 17.955200 0.052484
3125.912110 18.053301 0.058550
3126.808640 17.976700 0.037469
3127.894680 18.009001 0.046853
3128.883960 18.057699 0.055228
3130.761550 18.053600 0.054795
3134.896940 18.032600 0.106656
3135.781840 18.041901 0.038623
3137.832660 18.076000 0.061006
3138.718980 18.090300 0.047286
3140.807625 18.071950 0.033558
3141.755830 18.051901 0.043532
3142.830110 18.086300 0.045264
3144.848080 18.124201 0.045697
3146.914490 18.083500 0.044254
3147.930110 18.157801 0.055950
3151.822080 18.164900 0.064328
3152.821770 18.151800 0.052918
3153.820320 18.228300 0.062161
3154.914170 18.238300 0.076173
3157.894240 18.172600 0.054795
3162.858060 18.162100 0.049596
3163.820390 18.095200 0.042954
3164.859875 18.163400 0.039299
3167.668950 18.087900 0.053351
3168.819250 18.188400 0.044976
3169.845200 18.221600 0.054362
3170.874720 18.192200 0.044109
3171.720960 18.204700 0.042810
3173.806460 18.227301 0.053929
3174.773720 18.125700 0.044976
3175.854660 18.275400 0.054073
3177.850365 18.375999 0.065126
3178.738620 18.175200 0.054939
3179.724085 18.202250 0.037317
3180.791550 18.162399 0.039923
3182.851800 18.192699 0.050029
3183.807600 18.375900 0.087441
3184.802130 18.209000 0.051762
3185.621110 18.154600 0.040644
3193.616390 18.243999 0.043387
3194.661445 18.309250 0.042878
3195.739940 18.255501 0.043099
3196.714210 18.238900 0.037027
3197.781290 18.210400 0.050029
3199.777830 18.183100 0.055950
3201.825000 18.265301 0.056961
3202.772390 18.342400 0.050463
3203.601530 18.185101 0.036314
3204.749580 18.196199 0.045986
3205.679880 18.255501 0.042810
3206.786350 18.237301 0.060428
3210.563450 18.450701 0.076028
3211.743400 18.323799 0.063750
3217.719290 18.257401 0.059850
3218.730290 18.236799 0.076028
3223.719330 18.299299 0.066350
3224.763820 18.257500 0.060717
3226.700930 18.348301 0.079784
3228.684840 18.278000 0.056817
3229.715590 18.238001 0.055373
3230.731480 18.228701 0.052918
3231.658720 18.378799 0.078918
3238.683300 18.247000 0.057828
3240.532460 18.381901 0.055950
3241.716150 18.269501 0.083685
3245.645110 18.275000 0.059417
3247.506410 18.268700 0.053351
3249.618830 18.290501 0.061006
3251.521810 18.282700 0.069672
3254.594300 18.458300 0.064795
3257.541350 18.226601 0.041511
3260.586830 18.538900 0.103622
3265.539780 18.324200 0.061294
3267.598050 18.142900 0.057684
3273.493030 18.349300 0.096398
3277.516390 18.235600 0.065194
3280.517280 18.423401 0.072417
3282.588000 18.335501 0.042954
3289.522130 18.388201 0.078051
3294.517430 18.631800 0.079784
3296.516540 18.458099 0.070539
3302.513680 18.289499 0.078918
3418.856470 18.379900 0.052918
3423.884490 18.307699 0.040933
3427.838210 18.193501 0.054506
3430.823630 18.332399 0.059850
3436.870240 18.358200 0.065339
3443.841350 18.206600 0.036891
3445.869840 18.315300 0.039490
3447.914170 18.269800 0.054939
3450.793790 18.251801 0.037180
3453.837220 18.232800 0.050029
3455.902730 18.381599 0.063172
3458.872430 18.344900 0.051907
3459.887670 18.330000 0.052773
3468.871110 18.246599 0.040789
3469.873830 18.242800 0.038046
3472.858730 18.302999 0.041511
3474.792380 18.365499 0.063750
3476.768890 18.293200 0.040644
3478.864280 18.309999 0.045264
3480.879920 18.235001 0.048874
3483.813160 18.298000 0.047430
3496.908160 18.355499 0.072272
3497.895130 18.411600 0.060283
3500.904190 18.325399 0.054506
3502.886030 18.344801 0.052196
3503.865580 18.202900 0.042232
3506.928650 18.258801 0.053351
3508.906020 18.483400 0.087441
3509.888820 18.306999 0.049163
3511.912390 18.307800 0.045553
3512.898950 18.268101 0.052773
3520.664520 18.363100 0.056817
3521.795220 18.542400 0.067217
3522.862850 18.361300 0.060283
3524.854120 18.210400 0.044831
3527.637410 18.213499 0.046853
3528.881750 18.214199 0.050318
3529.920560 18.252300 0.047141
3530.875750 18.258450 0.028030
3538.849600 18.187099 0.043532
3541.883760 18.333799 0.059417
3544.881170 18.384899 0.075739
3547.848610 18.302099 0.057972
3550.825410 18.321800 0.044831
3551.837410 18.177999 0.038768
3552.832790 18.330601 0.061006
3553.849210 18.512699 0.093942
3554.861770 18.269800 0.054651
3556.843830 18.345301 0.074295
3558.620750 18.396799 0.052340
3559.629140 18.367701 0.051329
3560.705530 18.440001 0.050318
3561.612740 18.332899 0.048152
3563.724780 18.353399 0.049596
3569.652760 18.412001 0.109546
3573.783190 18.279900 0.064328
3574.755390 18.194201 0.053784
3575.697340 18.382799 0.046853
3576.763980 18.398100 0.064761
3578.738430 18.303699 0.043820
3579.686980 18.298401 0.044109
3580.726630 18.359800 0.058406
3581.736490 18.316401 0.063605
3582.685420 18.296000 0.041799
3583.703610 18.204599 0.042665
3584.707500 18.408501 0.046131
3585.706140 18.373600 0.039778
3586.760210 18.306200 0.042377
3589.749620 18.364100 0.060283
3590.745840 18.309200 0.051040
3591.727450 18.283400 0.040644
3592.698680 18.213200 0.037757
3602.722430 18.388300 0.071117
3603.717410 18.304800 0.058117
3607.701380 18.299299 0.071117
3608.694010 18.304899 0.045264
3615.651730 18.421301 0.055084
3617.613340 18.400499 0.065483
3619.610460 18.301800 0.045264
3621.652130 18.273500 0.048152
3629.536390 18.298500 0.050896
3631.565270 18.305901 0.064761
3633.590220 18.331400 0.074006
3640.523610 18.413300 0.066061
3644.599420 18.260599 0.049885
3649.575420 18.398399 0.064328
3652.549370 18.254601 0.072272
3656.542170 18.518999 0.078484
3660.546350 18.255199 0.063172
3665.529140 18.186501 0.059272
3670.514760 18.405600 0.100588
3783.877850 18.292200 0.043820
3785.888850 18.242300 0.046419
3788.892850 18.363501 0.063461
3792.883010 18.225100 0.041222
3794.882170 18.335300 0.043387
3796.873930 18.400200 0.058117
3797.873580 18.235600 0.043099
3800.854660 18.587500 0.084118
3802.801580 18.386000 0.055517
3803.834170 18.303301 0.049452
3804.881340 18.340799 0.054939
3806.893840 18.291700 0.044542
3808.878820 18.263901 0.050029
3810.794800 18.317499 0.057106
3812.780970 18.337999 0.062883
3814.771880 18.333799 0.059561
3818.836810 18.243999 0.043820
3819.896250 18.322201 0.040644
3820.888480 18.325399 0.043676
3821.899850 18.317301 0.043965
3822.911700 18.288500 0.044831
3824.906710 18.364500 0.068661
3825.898810 18.345100 0.052340
3827.897940 18.326300 0.041655
3828.910080 18.389500 0.058839
3829.905960 18.363400 0.045409
3830.872400 18.386999 0.049741
3832.900170 18.401100 0.057539
3833.888580 18.271700 0.043387
3834.813750 18.239700 0.039634
3835.866170 18.316000 0.040067
3836.875640 18.161600 0.040933
3837.854420 18.311199 0.057972
3838.858560 18.326401 0.055806
3839.877610 18.184000 0.066061
3840.861610 18.264099 0.048730
3841.844910 18.312500 0.049596
3842.839325 18.377850 0.063960
3845.848830 18.417000 0.068228
3846.812557 18.301575 0.023736
3847.822647 18.339233 0.038641
3848.795920 18.404800 0.045244
3849.846285 18.301101 0.039801
3850.796495 18.404350 0.040733
3851.824440 18.286699 0.057684
3852.816540 18.324100 0.047719
3853.805770 18.287500 0.038623
3856.794490 18.336300 0.055228
3858.858490 18.358500 0.060572
3859.903540 18.569500 0.097121
3860.849850 18.513599 0.077762
3861.865120 18.335199 0.050751
3862.808310 18.308399 0.040500
3863.786550 18.299299 0.044109
3864.809990 18.298201 0.041511
3865.772760 18.352200 0.051907
3866.737920 18.361601 0.045697
3867.745270 18.356600 0.056528
3868.740680 18.478800 0.074295
3869.722400 18.237499 0.061006
3873.725880 18.314800 0.051473
3874.772650 18.295300 0.067361
3875.754510 18.307400 0.040356
3877.714230 18.261299 0.042954
3880.781020 18.311501 0.047430
3881.789590 18.265100 0.040211
3882.724540 18.358200 0.056961
3883.776310 18.284700 0.051618
3886.737030 18.435101 0.058406
3887.719640 18.345900 0.045553
3889.881390 18.266199 0.048297
3891.760686 18.329580 0.018512
3892.816590 18.291883 0.011169
3893.765954 18.350097 0.011703
3894.779193 18.390414 0.026632
3896.716537 18.357866 0.051887
3900.663700 18.212999 0.067506
3901.669240 18.340500 0.056673
3902.686750 18.345699 0.047719
3903.827550 18.315901 0.053062
3904.666610 18.311001 0.039634
3905.677290 18.281300 0.041655
3906.655130 18.354200 0.052773
3907.721160 18.296700 0.064617
3908.661050 18.282600 0.039490
3909.659180 18.342400 0.038046
3912.663270 18.314501 0.035160
3913.663450 18.352900 0.041944
3914.711200 18.337099 0.043532
3915.660350 18.381399 0.047863
3916.742090 18.419800 0.077617
3917.759250 18.218800 0.050607
3918.759570 18.292400 0.049596
3919.689740 18.282900 0.043676
3920.643430 18.193100 0.051618
3921.651890 18.329000 0.069239
3930.713530 18.324900 0.052051
3931.629700 18.311199 0.052484
3932.593580 18.332001 0.042088
3933.640440 18.315201 0.036170
3934.710060 18.358700 0.037498
3935.588480 18.373800 0.047430
3936.573550 18.311199 0.050896
3937.652320 18.368099 0.055084
3938.617800 18.311600 0.045264
3940.758600 18.284700 0.038768
3944.713630 18.323299 0.043820
3945.649880 18.408100 0.056961
3946.645700 18.393900 0.054651
3950.661240 18.269199 0.045986
3951.672040 18.319500 0.096832
3957.721260 18.377701 0.090475
3959.632840 18.441999 0.060283
3960.623960 18.325500 0.046997
3963.629370 18.344999 0.047286
3964.665530 18.362000 0.044831
3965.640380 18.289499 0.038190
3966.634860 18.398701 0.053351
3967.658270 18.240299 0.043676
3968.617780 18.408199 0.057395
3969.628250 18.418301 0.065628
3970.635010 18.451099 0.060717
3971.666370 18.286699 0.043820
3973.694590 18.423201 0.062306
3974.632140 18.291300 0.050463
3975.624680 18.282900 0.045697
3976.618640 18.362801 0.055806
3979.653810 18.578300 0.079784
3982.686510 18.260000 0.094231
3986.667150 18.085600 0.057684
3987.615920 18.291500 0.042954
3988.648060 18.360001 0.048441
3989.566200 18.196100 0.054506
3991.567600 18.468599 0.076462
3995.515430 18.297800 0.054217
4001.585780 18.355801 0.051040
4002.621400 18.246500 0.050029
4003.575860 18.255100 0.037757
4011.559180 18.454901 0.080362
4015.588140 18.368500 0.075306
4017.561820 18.402300 0.061150
4019.563180 18.201401 0.055084
4025.504330 18.179501 0.053062
4027.512100 18.219299 0.056673
4029.553630 18.409800 0.081518
4151.894620 18.319599 0.079495
4155.858620 18.328199 0.058406
4160.879960 18.415100 0.090619
4162.871130 18.272200 0.070250
4165.855560 18.296400 0.076028
4167.848480 18.340700 0.091197
4169.850830 18.342100 0.059995
4174.864900 18.302999 0.059850
4176.842190 18.271999 0.053351
4177.899090 18.350100 0.058261
4179.793390 18.350901 0.063028
4180.845360 18.372801 0.079351
4182.770290 18.237801 0.051040
4183.807230 18.267200 0.058406
4185.782990 18.343000 0.065339
4190.881060 18.310900 0.055662
4192.885250 18.322201 0.056528
4193.896270 18.327499 0.059706
4196.875910 18.225901 0.051473
4202.887540 18.312901 0.049741
4203.875690 18.254400 0.044976
4204.882510 18.320000 0.053062
4205.871330 18.312799 0.051907
4207.895260 18.334000 0.051907
4208.904720 18.365400 0.065194
4213.876160 18.293400 0.046564
4215.910360 18.348900 0.057395
4216.834840 18.247900 0.052340
4217.857130 18.357901 0.044542
4218.901460 18.318001 0.050463
4220.882840 18.322399 0.074584
4222.845320 18.332001 0.060717
4228.849260 18.362600 0.075017
4229.814710 18.349300 0.060717
4230.795840 18.282400 0.047286
4231.838140 18.259199 0.054795
4232.859090 18.381300 0.092931
4234.812525 18.313399 0.035760
4235.817660 18.346500 0.053495
4237.634530 18.409800 0.084985
4238.822230 18.329201 0.074006
4240.615930 18.318199 0.084407
4243.868550 18.433500 0.083685
4244.875260 18.305000 0.066061
4245.909710 18.343599 0.067939
4246.922600 18.261400 0.068083
4250.908910 18.320000 0.083685
4256.807250 18.427900 0.085274
4257.691150 18.314501 0.070106
4258.794260 18.299101 0.066205
4268.575310 18.192301 0.066494
4269.715110 18.250299 0.048585
4272.636950 18.274599 0.047430
4273.684390 18.312099 0.063317
4274.668240 18.326099 0.062161
4275.725020 18.351801 0.067506
4277.565910 18.348301 0.085563
4278.698990 18.258200 0.068228
4283.646000 18.329000 0.056961
4284.627460 18.415600 0.072850
4285.634430 18.453300 0.088163
4286.728170 18.424900 0.127751
4289.677900 18.408300 0.090041
4290.757090 18.449900 0.085418
4291.755290 18.325199 0.066061
4292.612840 18.343100 0.050896
4293.640580 18.308800 0.045553
4294.681840 18.373699 0.055228
4295.641850 18.313601 0.050174
4296.621020 18.354500 0.051907
4297.552540 18.330400 0.049019
4298.783400 18.360001 0.082818
4299.754210 18.329700 0.050751
4300.684210 18.399200 0.064183
4301.553500 18.289700 0.050174
4302.787420 18.305000 0.071695
4306.544480 18.272800 0.079495
4307.564950 18.309999 0.055662
4311.586980 18.256201 0.072272
4312.654230 18.327801 0.058983
4317.641310 18.377199 0.067361
4319.650290 18.342800 0.065339
4326.659490 18.305799 0.066783
4327.694480 18.407801 0.076462
4328.629250 18.322701 0.059561
4329.620660 18.333900 0.067650
4330.633890 18.342400 0.055228
4331.629300 18.245600 0.056239
4332.683980 18.296801 0.061006
4333.633120 18.464600 0.085852
4334.646570 18.363400 0.103478
4338.666180 18.233700 0.077617
4339.636170 18.347300 0.071550
4340.699340 18.247801 0.074584
4341.676910 18.580000 0.127173
4342.677230 18.250401 0.072995
4343.647050 18.295799 0.058406
4345.646900 18.311899 0.077328
4346.652060 18.406300 0.096543
4347.666210 18.416800 0.065917
4348.652300 18.304501 0.061872
4349.641220 18.258600 0.053495
4350.665810 18.363800 0.062739
4351.636680 18.314800 0.060572
4354.645400 18.424601 0.080362
4357.583480 18.451599 0.092498
4359.552250 18.350201 0.083540
4365.598430 18.234800 0.081518
4368.601450 18.507601 0.110124
4370.557080 18.280399 0.053206
4372.589900 18.336800 0.060572
4377.550630 18.308701 0.067939
4381.593010 18.468300 0.104345
4515.894150 18.475599 0.083829
4520.873160 18.304800 0.077040
4523.856700 18.338600 0.085852
4525.851420 18.362200 0.095965
4532.876290 18.345100 0.057539
4534.900670 18.381300 0.075739
4536.910520 18.298800 0.075450
4537.791730 18.310101 0.073717
4538.905130 18.338301 0.062739
4539.796510 18.270700 0.054217
4541.828390 18.275700 0.065339
4543.818090 18.356701 0.054506
4544.814980 18.310900 0.065194
4545.832490 18.418501 0.063894
4547.806320 18.299200 0.056817
4550.805340 18.387501 0.080796
4552.795390 18.326700 0.078195
4556.887130 18.387899 0.048441
4557.912790 18.285200 0.047719
4558.879300 18.376699 0.060139
4559.877230 18.386200 0.054217
4560.877400 18.374500 0.045842
4564.870580 18.250500 0.039634
4565.860270 18.311300 0.037613
4566.861480 18.364401 0.047430
4567.867050 18.251699 0.041799
4568.899000 18.330200 0.052484
4569.882230 18.346300 0.051762
4570.890770 18.293699 0.051040
4571.852470 18.368900 0.047430
4572.890850 18.464399 0.075162
4573.866090 18.322001 0.040933
4574.874630 18.289200 0.055228
4575.882640 18.308001 0.048008
4583.774830 18.412399 0.093653
4585.835840 18.329500 0.052773
4586.858640 18.297800 0.053784
4587.870530 18.389200 0.079206
4588.760700 18.309601 0.052773
4589.730090 18.309799 0.059561
4590.809740 18.326700 0.058839
4591.722560 18.371599 0.054795
4592.796110 18.308399 0.062161
4593.781560 18.401600 0.059417
4594.809910 18.268999 0.047575
4595.800730 18.282801 0.046564
4596.756400 18.281700 0.044109
4597.818200 18.324600 0.052773
4598.787740 18.304399 0.040933
4599.766960 18.262300 0.043820
4601.777920 18.314501 0.043387
4602.781590 18.259399 0.040933
4606.835280 18.238501 0.046564
4611.759020 18.353500 0.059272
4616.842325 18.372550 0.050745
4617.935510 18.401800 0.093220
4618.655570 18.324699 0.058406
4622.734280 18.414200 0.064617
4623.807340 18.236099 0.060428
4624.746080 18.373100 0.063028
4625.729060 18.372900 0.063894
4626.791130 18.510000 0.076173
4627.708380 18.327801 0.047141
4628.697220 18.362499 0.052484
4629.766750 18.299500 0.041944
4630.705920 18.235100 0.045120
4631.721190 18.328300 0.040789
4632.755640 18.269300 0.046997
4633.891100 18.437201 0.091631
4639.843750 18.465099 0.131218
4640.848210 18.511801 0.106801
4641.885780 18.357000 0.089175
4642.531630 18.271999 0.067794
4644.778140 18.373899 0.054651
4645.690450 18.305000 0.052484
4649.664220 18.374399 0.057106
4650.702240 18.281601 0.047141
4652.635440 18.371401 0.057106
4653.630410 18.269501 0.048008
4654.667440 18.437000 0.067650
4655.638660 18.345600 0.051907
4656.634780 18.341499 0.057106
4658.792010 18.253099 0.069817
4661.624430 18.280399 0.045553
4666.495660 18.257500 0.075739
4670.727140 18.419201 0.071261
4671.680750 18.301100 0.049452
4672.640490 18.321301 0.064905
4674.668420 18.347099 0.057539
4677.712620 18.281700 0.054939
4679.676460 18.395399 0.077473
4681.696500 18.386900 0.072417
4682.694170 18.352900 0.055662
4683.650200 18.283001 0.059272
4684.715540 18.318200 0.049020
4685.694780 18.323700 0.057684
4686.767340 18.455900 0.066205
4687.683060 18.281099 0.063317
4688.628900 18.417299 0.055950
4694.713020 18.500200 0.116770
4697.637800 18.329399 0.068806
4698.655880 18.226700 0.058839
4700.651130 18.414200 0.058839
4701.634450 18.342600 0.055950
4702.648880 18.162300 0.051473
4708.670550 18.399599 0.068661
4715.631590 18.283199 0.071839
4720.637270 18.328501 0.107379
4721.637470 18.357401 0.098999
4722.635310 18.301500 0.074584
4725.608180 18.331400 0.085852
4726.636430 18.493900 0.107234
4733.597460 18.463301 0.089319
4739.490250 18.346600 0.067217
4750.539560 18.350500 0.084263
4763.522750 18.290899 0.071695
4876.890460 18.326000 0.073717
4883.876670 18.412500 0.089175
4886.843420 18.341600 0.067794
4892.898760 18.538000 0.102611
4894.866890 18.254200 0.058261
4898.851100 18.319099 0.051762
4900.845680 18.279499 0.060572
4901.897280 18.328199 0.045409
4902.822920 18.249901 0.053351
4903.885570 18.301500 0.049019
4904.851050 18.285200 0.050463
4906.904100 18.185499 0.053784
4911.886290 18.294600 0.038912
4913.899680 18.303400 0.044687
4924.894910 18.318600 0.048297
4926.745700 18.307899 0.059561
4930.737080 18.327900 0.076751
4931.879230 18.309799 0.055517
4932.787110 18.360500 0.054651
4933.731330 18.324900 0.074728
4938.841440 18.311501 0.054073
4940.786160 18.375099 0.053062
4942.863410 18.333500 0.050174
4943.720610 18.236200 0.045264
4944.785500 18.444500 0.051762
4949.799940 18.249201 0.040211
4950.708680 18.323700 0.058983
4951.824900 18.243299 0.054939
4953.729500 18.371300 0.054506
4955.845170 18.396400 0.065050
